Run  RI  Mean      95% CI      SD        Best    % Correct 
10   0   14.68     0.89677     3.23526   22      38.5965 %
10   1   22.42     0.291469    1.05153   23      40.3509 %
10   2   26.12     0.277977    1.00285   27      47.3684 %
10   3   26.66     0.42872     1.54669   28      49.1228 %
10   4   27.98     0.0392      0.141421  28      49.1228 %
10   5   27.56     0.608728    2.1961    28      49.1228 %
10   6   28.36     0.330163    1.19112   29      50.8772 %
10   7   28.98     0.247226    0.891914  30      52.6316 %
10   8   29.8      0.25044     0.903508  30      52.6316 %
10   9   31        0           0         31      54.386  %
10   10  30.42     0.650878    2.34816   31      54.386  %
10   11  31.72     0.336187    1.21286   32      56.1404 %
10   12  31.72     0.336187    1.21286   32      56.1404 %
10   13  32.34     0.78322     2.82561   33      57.8947 %
10   14  32.72     0.5488      1.9799    33      57.8947 %
10   15  32.82     0.3528      1.27279   33      57.8947 %
10   16  32.82     0.221819    0.800255  33      57.8947 %
10   17  32.66     0.413832    1.49298   33      57.8947 %
10   18  32.92     0.109737    0.395897  33      57.8947 %
10   19  32.54     0.613986    2.21507   33      57.8947 %
10   20  32.52     0.658423    2.37538   33      57.8947 %
10   21  32.46     0.715421    2.58101   33      57.8947 %
10   22  32.36     0.861672    3.10864   33      57.8947 %
10   23  32.46     0.677137    2.4429    33      57.8947 %
10   24  31.56     1.25864     4.54079   33      57.8947 %
10   25  33        0           0         33      57.8947 %
10   26  32.32     0.754318    2.72134   33      57.8947 %
10   27  32.5      0.672583    2.42647   33      57.8947 %
10   28  32.96     0.0784      0.282843  33      57.8947 %
10   29  32.34     0.673422    2.4295    33      57.8947 %
10   30  32.4      0.830614    2.9966    33      57.8947 %
10   31  32.48     0.523053    1.88701   33      57.8947 %
10   32  32.7      0.318019    1.14731   33      57.8947 %
10   33  32.24     0.77709     2.8035    33      57.8947 %
10   34  32.9      0.160848    0.580288  33      57.8947 %
10   35  32.28     0.823105    2.9695    33      57.8947 %
10   36  32.62     0.444098    1.60217   33      57.8947 %
10   37  32.3      0.648851    2.34085   33      57.8947 %
10   38  32.62     0.522003    1.88322   33      57.8947 %
10   39  32.92     0.1568      0.565685  33      57.8947 %
10   40  32.88     0.164606    0.593846  33      57.8947 %
10   41  32.92     0.527828    1.90424   34      59.6491 %
10   42  33.38     0.830407    2.99585   34      59.6491 %
10   43  33.18     0.866988    3.12782   34      59.6491 %
10   44  33.38     0.869155    3.13564   34      59.6491 %
10   45  33.92     0.109737    0.395897  34      59.6491 %
10   46  33.86     0.194071    0.700146  34      59.6491 %
10   47  33.86     0.2744      0.989949  34      59.6491 %
10   48  33.6      0.475176    1.71429   34      59.6491 %
10   49  33.7      0.476       1.71726   34      59.6491 %
10   50  34        0           0         34      59.6491 %
10   51  33.72     0.5488      1.9799    34      59.6491 %
10   52  33.7      0.286915    1.0351    34      59.6491 %
10   53  33.88     0.2352      0.848528  34      59.6491 %
10   54  33.64     0.542247    1.95626   34      59.6491 %
10   55  33.56     0.5376      1.93949   34      59.6491 %
10   56  33.52     0.498494    1.79841   34      59.6491 %
10   57  33.9      0.115447    0.416497  34      59.6491 %
10   58  32.86     0.908185    3.27645   34      59.6491 %
10   59  33.84     0.219474    0.791795  34      59.6491 %
10   60  33.8      0.185731    0.670059  34      59.6491 %
10   61  32.9      0.994296    3.58711   34      59.6491 %
10   62  33.78     0.4312      1.55563   34      59.6491 %
10   63  33.46     0.639014    2.30536   34      59.6491 %
10   64  34        0           0         34      59.6491 %
10   65  33.48     0.842311    3.0388    34      59.6491 %
10   66  33.54     0.519956    1.87584   34      59.6491 %
10   67  33.82     0.315246    1.13731   34      59.6491 %
10   68  33.26     0.980896    3.53876   34      59.6491 %
10   69  33.8      0.296324    1.06904   34      59.6491 %
10   70  34.66     0.6664      2.40416   35      61.4035 %
10   71  34.52     0.434641    1.56805   35      61.4035 %
10   72  34.36     0.773449    2.79036   35      61.4035 %
10   73  34.02     1.06029     3.82521   35      61.4035 %
10   74  34.18     0.666588    2.40484   35      61.4035 %
10   75  33.72     1.03113     3.72      35      61.4035 %
10   76  34.66     0.6664      2.40416   35      61.4035 %
10   77  34.32     0.731095    2.63756   35      61.4035 %
10   78  34.94     0.1176      0.424264  35      61.4035 %
10   79  34.92     0.1232      0.444467  35      61.4035 %
10   80  34.22     1.02694     3.70488   35      61.4035 %
10   81  34.86     0.194071    0.700146  35      61.4035 %
10   82  34.92     0.1568      0.565685  35      61.4035 %
10   83  34.84     0.3136      1.13137   35      61.4035 %
10   84  34.92     0.1568      0.565685  35      61.4035 %
10   85  34.78     0.31325     1.13011   35      61.4035 %
10   86  34.54     0.631609    2.27865   35      61.4035 %
10   87  33.42     1.38886     5.01056   35      61.4035 %
10   88  34.36     0.752903    2.71624   35      61.4035 %
10   89  34.56     0.636432    2.29605   35      61.4035 %
10   90  34.04     0.858391    3.09681   35      61.4035 %
10   91  34.34     0.916092    3.30497   35      61.4035 %
10   92  34.96     0.0784      0.282843  35      61.4035 %
10   93  34.78     0.25839     0.932191  35      61.4035 %
10   94  34.92     0.1568      0.565685  35      61.4035 %
10   95  34.5      0.566265    2.04291   35      61.4035 %
10   96  34.76     0.234666    0.846602  35      61.4035 %
10   97  34.08     0.982541    3.5447    35      61.4035 %
10   98  35        0           0         35      61.4035 %
10   99  33.12     1.46206     5.27466   35      61.4035 %
10   100 34.1      0.758071    2.73488   35      61.4035 %
10   101 34.96     0.0784      0.282843  35      61.4035 %
10   102 34.02     1.0424      3.76064   35      61.4035 %
10   103 34.64     0.52461     1.89263   35      61.4035 %
10   104 34.9      0.160848    0.580288  35      61.4035 %
10   105 33.96     0.99856     3.60249   35      61.4035 %
10   106 34.44     0.770199    2.77864   35      61.4035 %
10   107 34.48     0.804219    2.90137   35      61.4035 %
10   108 34.94     0.0869354   0.313636  35      61.4035 %
10   109 34.92     0.109737    0.395897  35      61.4035 %
10   110 34.92     0.1232      0.444467  35      61.4035 %
10   111 34.58     0.628823    2.2686    35      61.4035 %
10   112 33.74     1.15285     4.15913   35      61.4035 %
10   113 34.12     1.00276     3.61764   35      61.4035 %
10   114 33.86     1.08445     3.91236   35      61.4035 %
10   115 34.02     1.07352     3.87293   35      61.4035 %
10   116 35        0           0         35      61.4035 %
10   117 35        0           0         35      61.4035 %
10   118 34.88     0.164606    0.593846  35      61.4035 %
10   119 34.42     0.582212    2.10044   35      61.4035 %
10   120 34.6      0.484974    1.74964   35      61.4035 %
10   121 34.88     0.2352      0.848528  35      61.4035 %
10   122 34.84     0.219474    0.791795  35      61.4035 %
10   123 34.46     0.715421    2.58101   35      61.4035 %
10   124 34.74     0.38314     1.38225   35      61.4035 %
10   125 34.74     0.366404    1.32187   35      61.4035 %
10   126 34.66     0.4536      1.63645   35      61.4035 %
10   127 35        0           0         35      61.4035 %
10   128 34.92     0.1232      0.444467  35      61.4035 %
10   129 34.6      0.706133    2.54751   35      61.4035 %
10   130 34.68     0.397718    1.43484   35      61.4035 %
10   131 34.68     0.552786    1.99428   35      61.4035 %
10   132 34.8      0.262663    0.947607  35      61.4035 %
10   133 34.88     0.132993    0.479796  35      61.4035 %
10   134 34.96     0.0784      0.282843  35      61.4035 %
10   135 34.6      0.497739    1.79569   35      61.4035 %
10   136 34.66     0.627625    2.26427   35      61.4035 %
10   137 34.84     0.634458    2.28893   36      63.1579 %
10   138 35.52     0.540741    1.95082   36      63.1579 %
10   139 35.14     0.717172    2.58733   36      63.1579 %
10   140 35.74     0.357743    1.29063   36      63.1579 %
10   141 35.94     0.0664963   0.239898  36      63.1579 %
10   142 35.18     0.891948    3.21787   36      63.1579 %
10   143 35.72     0.311996    1.12558   36      63.1579 %
10   144 35.96     0.0784      0.282843  36      63.1579 %
10   145 35.62     0.522003    1.88322   36      63.1579 %
10   146 35.68     0.364818    1.31615   36      63.1579 %
10   147 35.88     0.173871    0.627271  36      63.1579 %
10   148 35.52     0.829178    2.99142   36      63.1579 %
10   149 34.64     1.26808     4.57482   36      63.1579 %
10   150 35.36     0.854363    3.08227   36      63.1579 %
10   151 35.64     0.530554    1.91407   36      63.1579 %
10   152 35.56     0.593071    2.13962   36      63.1579 %
10   153 35.36     0.689869    2.48883   36      63.1579 %
10   154 35.58     0.8232      2.96985   36      63.1579 %
10   155 35.72     0.5488      1.9799    36      63.1579 %
10   156 35.72     0.5488      1.9799    36      63.1579 %
10   157 35.88     0.2352      0.848528  36      63.1579 %
10   158 35.62     0.478104    1.72485   36      63.1579 %
10   159 35.84     0.196878    0.710274  36      63.1579 %
10   160 35.44     0.519806    1.8753    36      63.1579 %
10   161 35.62     0.7448      2.68701   36      63.1579 %
10   162 36        0           0         36      63.1579 %
10   163 35.84     0.196878    0.710274  36      63.1579 %
10   164 35.56     0.603554    2.17744   36      63.1579 %
10   165 35.96     0.0784      0.282843  36      63.1579 %
10   166 35.56     0.452042    1.63083   36      63.1579 %
10   167 34.1      1.65863     5.98382   36      63.1579 %
10   168 35.5      0.7         2.52538   36      63.1579 %
10   169 37        0           0         37      64.9123 %
10   170 37        0           0         37      64.9123 %
10   171 36.54     0.719791    2.59678   37      64.9123 %
10   172 36.38     0.736331    2.65645   37      64.9123 %
10   173 36.8      0.392       1.41421   37      64.9123 %
10   174 36.76     0.394234    1.42227   37      64.9123 %
10   175 36.62     0.478104    1.72485   37      64.9123 %
10   176 36.34     0.700806    2.52829   37      64.9123 %
10   177 36.88     0.173871    0.627271  37      64.9123 %
10   178 36.88     0.173871    0.627271  37      64.9123 %
10   179 36.96     0.0548686   0.197949  37      64.9123 %
10   180 36.82     0.278259    1.00387   37      64.9123 %
10   181 36.82     0.315246    1.13731   37      64.9123 %
10   182 36.74     0.357743    1.29063   37      64.9123 %
10   183 36.96     0.0784      0.282843  37      64.9123 %
10   184 36.22     0.802365    2.89468   37      64.9123 %
10   185 36.96     0.0784      0.282843  37      64.9123 %
10   186 36.54     0.655965    2.36652   37      64.9123 %
10   187 36.68     0.552786    1.99428   37      64.9123 %
10   188 36.76     0.432181    1.55917   37      64.9123 %
10   189 36.44     0.825236    2.97719   37      64.9123 %
10   190 36.7      0.476       1.71726   37      64.9123 %
10   191 36.92     0.1232      0.444467  37      64.9123 %
10   192 36.94     0.1176      0.424264  37      64.9123 %
10   193 36.42     0.796087    2.87203   37      64.9123 %
10   194 36.88     0.199096    0.718275  37      64.9123 %
10   195 36.06     0.996123    3.5937    37      64.9123 %
10   196 37        0           0         37      64.9123 %
10   197 36.88     0.164606    0.593846  37      64.9123 %
10   198 36.92     0.0943729   0.340468  37      64.9123 %
10   199 36.1      0.899929    3.24666   37      64.9123 %
10   200 36.88     0.120628    0.435187  37      64.9123 %
