Run  RI  Mean      95% CI      SD        Best    % Correct 
24   0   14.32     0.954369    3.44306   21      36.8421 %
24   1   21.88     0.467323    1.68596   26      45.614  %
24   2   26.7      0.128312    0.46291   27      47.3684 %
24   3   27.92     0.1568      0.565685  28      49.1228 %
24   4   29.92     0.279103    1.00691   31      54.386  %
24   5   31.2      0.112       0.404061  32      56.1404 %
24   6   31.62     0.481372    1.73664   32      56.1404 %
24   7   31.96     0.0784      0.282843  32      56.1404 %
24   8   31.6      0.411514    1.48461   32      56.1404 %
24   9   31.76     0.432181    1.55917   32      56.1404 %
24   10  31.72     0.433919    1.56544   32      56.1404 %
24   11  31.34     0.863218    3.11422   32      56.1404 %
24   12  31.88     0.199096    0.718275  32      56.1404 %
24   13  31.68     0.328639    1.18563   32      56.1404 %
24   14  32.94     0.0664963   0.239898  33      57.8947 %
24   15  32.18     0.857897    3.09503   33      57.8947 %
24   16  33.1      0.693247    2.50102   34      59.6491 %
24   17  34.76     0.356646    1.28667   35      61.4035 %
24   18  34.52     0.469332    1.6932    35      61.4035 %
24   19  34.7      0.510952    1.84336   35      61.4035 %
24   20  35.44     0.706488    2.54879   36      63.1579 %
24   21  35.94     0.1176      0.424264  36      63.1579 %
24   22  35.36     0.868921    3.13479   36      63.1579 %
24   23  35.42     0.800016    2.88621   36      63.1579 %
24   24  35.4      0.664963    2.39898   36      63.1579 %
24   25  35.9      0.14        0.505076  36      63.1579 %
24   26  35.8      0.274343    0.989743  36      63.1579 %
24   27  35.7      0.5494      1.98206   36      63.1579 %
24   28  35.18     0.763101    2.75303   36      63.1579 %
24   29  35.78     0.232855    0.840068  36      63.1579 %
24   30  35.88     0.199096    0.718275  36      63.1579 %
24   31  35.38     0.777755    2.8059    36      63.1579 %
24   32  35.66     0.588959    2.12478   36      63.1579 %
24   33  35.12     0.912714    3.29279   36      63.1579 %
24   34  35.06     0.973837    3.5133    36      63.1579 %
24   35  35.44     0.838431    3.0248    36      63.1579 %
24   36  35.4      0.648247    2.33867   36      63.1579 %
24   37  36        0           0         36      63.1579 %
24   38  35.52     0.862545    3.11179   36      63.1579 %
24   39  35.92     0.1568      0.565685  36      63.1579 %
24   40  35.92     0.1232      0.444467  36      63.1579 %
24   41  35.64     0.493817    1.78154   36      63.1579 %
24   42  35.64     0.402889    1.4535    36      63.1579 %
24   43  35.74     0.406955    1.46817   36      63.1579 %
24   44  35.82     0.315246    1.13731   36      63.1579 %
24   45  35.6      0.745032    2.68784   36      63.1579 %
24   46  34.84     1.10074     3.97112   36      63.1579 %
24   47  34.74     1.27184     4.58841   36      63.1579 %
24   48  35.58     0.468831    1.69139   36      63.1579 %
24   49  35.68     0.48316     1.74309   36      63.1579 %
24   50  35.24     1.01815     3.67318   36      63.1579 %
24   51  35.72     0.471997    1.70282   36      63.1579 %
24   52  35.84     0.3136      1.13137   36      63.1579 %
24   53  35.4      0.869354    3.13636   36      63.1579 %
24   54  35.76     0.432181    1.55917   36      63.1579 %
24   55  35.82     0.3528      1.27279   36      63.1579 %
24   56  35.26     0.893915    3.22497   36      63.1579 %
24   57  35.8      0.230894    0.832993  36      63.1579 %
24   58  35.6      0.471864    1.70234   36      63.1579 %
24   59  35.6      0.573829    2.0702    36      63.1579 %
24   60  35.42     0.747322    2.6961    36      63.1579 %
24   61  35.68     0.47        1.69561   36      63.1579 %
24   62  35.4      0.767833    2.7701    36      63.1579 %
24   63  35.62     0.426079    1.53716   36      63.1579 %
24   64  34.64     1.35996     4.90631   36      63.1579 %
24   65  35.98     0.0392      0.141421  36      63.1579 %
24   66  35.9      0.196       0.707107  36      63.1579 %
24   67  35.8      0.28        1.01015   36      63.1579 %
24   68  35.6      0.430144    1.55183   36      63.1579 %
24   69  35.94     0.0869354   0.313636  36      63.1579 %
24   70  34.34     1.43933     5.19266   36      63.1579 %
24   71  35.62     0.568034    2.04929   36      63.1579 %
24   72  35.82     0.228779    0.825363  36      63.1579 %
24   73  35.32     0.90547     3.26665   36      63.1579 %
24   74  34.84     1.09789     3.96083   36      63.1579 %
24   75  34.78     1.18964     4.29185   36      63.1579 %
24   76  35.84     0.219474    0.791795  36      63.1579 %
24   77  34.32     1.34684     4.85899   36      63.1579 %
24   78  35.18     0.916229    3.30547   36      63.1579 %
24   79  35.62     0.635766    2.29365   36      63.1579 %
24   80  35.4      0.667317    2.40747   36      63.1579 %
24   81  35.9      0.160848    0.580288  36      63.1579 %
24   82  35.3      0.898185    3.24037   36      63.1579 %
24   83  35.26     0.750922    2.70909   36      63.1579 %
24   84  35.2      0.836258    3.01696   36      63.1579 %
24   85  35.6      0.706133    2.54751   36      63.1579 %
24   86  35.84     0.3136      1.13137   36      63.1579 %
24   87  35.48     0.764231    2.75711   36      63.1579 %
24   88  35.6      0.784       2.82843   36      63.1579 %
24   89  35.46     0.522963    1.88669   36      63.1579 %
24   90  35.28     0.797956    2.87878   36      63.1579 %
24   91  35.08     0.897469    3.23779   36      63.1579 %
24   92  35.66     0.432362    1.55983   36      63.1579 %
24   93  35.78     0.31325     1.13011   36      63.1579 %
24   94  35.76     0.394234    1.42227   36      63.1579 %
24   95  35.96     0.0548686   0.197949  36      63.1579 %
24   96  35.8      0.403822    1.45686   37      64.9123 %
24   97  36.9      0.128312    0.46291   37      64.9123 %
24   98  36.58     0.674539    2.43352   37      64.9123 %
24   99  36.98     0.0392      0.141421  37      64.9123 %
24   100 36.22     0.875268    3.15769   37      64.9123 %
24   101 36.96     0.0784      0.282843  37      64.9123 %
24   102 36.02     1.13044     4.07826   37      64.9123 %
24   103 36.12     0.875894    3.15995   37      64.9123 %
24   104 36.62     0.605448    2.18427   37      64.9123 %
24   105 36.48     0.713291    2.57333   37      64.9123 %
24   106 36.9      0.14        0.505076  37      64.9123 %
24   107 36.92     0.1232      0.444467  37      64.9123 %
24   108 36.78     0.292543    1.0554    37      64.9123 %
24   109 36.24     0.693948    2.50355   37      64.9123 %
24   110 36.58     0.475473    1.71536   37      64.9123 %
24   111 36.92     0.1232      0.444467  37      64.9123 %
24   112 36.78     0.393158    1.41839   37      64.9123 %
24   113 36.62     0.527976    1.90477   37      64.9123 %
24   114 36.94     0.1176      0.424264  37      64.9123 %
24   115 36.36     0.96144     3.46858   37      64.9123 %
24   116 36.22     1.11339     4.01675   37      64.9123 %
24   117 36.78     0.232855    0.840068  37      64.9123 %
24   118 36.66     0.486942    1.75674   37      64.9123 %
24   119 36.42     0.927117    3.34475   37      64.9123 %
24   120 36.22     0.715596    2.58165   37      64.9123 %
24   121 36.66     0.421342    1.52007   37      64.9123 %
24   122 36.58     0.653283    2.35684   37      64.9123 %
24   123 36.76     0.213682    0.770899  37      64.9123 %
24   124 36.38     0.734198    2.64876   37      64.9123 %
24   125 36.98     0.0392      0.141421  37      64.9123 %
24   126 36.86     0.209608    0.756199  37      64.9123 %
24   127 36.5      0.730687    2.63609   37      64.9123 %
24   128 35.84     1.10925     4.00184   37      64.9123 %
24   129 36.74     0.471233    1.70006   37      64.9123 %
24   130 36.56     0.513737    1.8534    37      64.9123 %
24   131 36.32     0.796776    2.87452   37      64.9123 %
24   132 36.72     0.437517    1.57843   37      64.9123 %
24   133 36.72     0.510307    1.84103   37      64.9123 %
24   134 36.46     0.745473    2.68944   37      64.9123 %
24   135 36.62     0.592357    2.13704   37      64.9123 %
24   136 36.54     0.501536    1.80939   37      64.9123 %
24   137 36.68     0.476625    1.71952   37      64.9123 %
24   138 36.52     0.6608      2.38396   37      64.9123 %
24   139 36.58     0.5768      2.08091   37      64.9123 %
24   140 36.54     0.595841    2.14961   37      64.9123 %
24   141 36.76     0.398191    1.43655   37      64.9123 %
24   142 36.26     0.951687    3.43339   37      64.9123 %
24   143 36.84     0.219474    0.791795  37      64.9123 %
24   144 36.28     0.76587     2.76302   37      64.9123 %
24   145 36.78     0.4312      1.55563   37      64.9123 %
24   146 36.98     0.0392      0.141421  37      64.9123 %
24   147 37        0           0         37      64.9123 %
24   148 36.98     0.0392      0.141421  37      64.9123 %
24   149 36.58     0.548943    1.98041   37      64.9123 %
24   150 35.64     1.35302     4.88128   37      64.9123 %
24   151 36.02     0.988348    3.56565   37      64.9123 %
24   152 36.18     0.998136    3.60096   37      64.9123 %
24   153 36.66     0.435974    1.57286   37      64.9123 %
24   154 35.98     0.823962    2.9726    37      64.9123 %
24   155 36.62     0.447615    1.61485   37      64.9123 %
24   156 36.66     0.588959    2.12478   37      64.9123 %
24   157 35.82     1.16756     4.21218   37      64.9123 %
24   158 36.66     0.518144    1.8693    37      64.9123 %
24   159 36.98     0.0392      0.141421  37      64.9123 %
24   160 36.28     0.993965    3.58591   37      64.9123 %
24   161 36.4      0.573829    2.0702    37      64.9123 %
24   162 36.76     0.347742    1.25454   37      64.9123 %
24   163 36.66     0.413832    1.49298   37      64.9123 %
24   164 36.82     0.214634    0.774333  37      64.9123 %
24   165 36.76     0.398191    1.43655   37      64.9123 %
24   166 36.68     0.420709    1.51779   37      64.9123 %
24   167 36.58     0.482023    1.73899   37      64.9123 %
24   168 36.7      0.337165    1.21638   37      64.9123 %
24   169 36.8      0.201911    0.728431  37      64.9123 %
24   170 37        0           0         37      64.9123 %
24   171 37        0           0         37      64.9123 %
24   172 35.94     1.19112     4.29718   37      64.9123 %
24   173 36.24     1.0425      3.76102   37      64.9123 %
24   174 36.12     0.922964    3.32977   37      64.9123 %
24   175 36.78     0.393158    1.41839   37      64.9123 %
24   176 35.82     1.35178     4.87681   37      64.9123 %
24   177 36.16     0.882529    3.18389   37      64.9123 %
24   178 35.7      1.01768     3.67146   37      64.9123 %
24   179 36.78     0.351018    1.26636   38      66.6667 %
24   180 37.5      0.796402    2.87317   38      66.6667 %
24   181 37        1.17199     4.22819   38      66.6667 %
24   182 37.8      0.28        1.01015   38      66.6667 %
24   183 37.94     0.0664963   0.239898  38      66.6667 %
24   184 37.68     0.588506    2.12315   38      66.6667 %
24   185 37.72     0.510307    1.84103   38      66.6667 %
24   186 37.78     0.4312      1.55563   38      66.6667 %
24   187 37.5      0.459234    1.65677   38      66.6667 %
24   188 38        0           0         38      66.6667 %
24   189 38        0           0         38      66.6667 %
24   190 37.66     0.558907    2.01636   38      66.6667 %
24   191 37.44     0.732638    2.64313   38      66.6667 %
24   192 37        1.11157     4.01019   38      66.6667 %
24   193 36.86     0.928672    3.35036   38      66.6667 %
24   194 37.76     0.304467    1.09842   38      66.6667 %
24   195 37.68     0.588506    2.12315   38      66.6667 %
24   196 37.58     0.628823    2.2686    38      66.6667 %
24   197 37.16     1.007       3.63296   38      66.6667 %
24   198 37.26     0.993602    3.5846    38      66.6667 %
24   199 37.54     0.631609    2.27865   38      66.6667 %
24   200 37.92     0.1568      0.565685  38      66.6667 %
