Run  RI  Mean      95% CI      SD        Best    % Correct 
22   0   14.4      0.759621    2.74048   22      38.5965 %
22   1   23        0           0         23      40.3509 %
22   2   23.92     0.200664    0.723935  25      43.8596 %
22   3   24.84     0.161917    0.584144  25      43.8596 %
22   4   25.52     0.150681    0.543609  26      45.614  %
22   5   25.92     0.243068    0.876915  27      47.3684 %
22   6   26.88     0.406299    1.4658    28      49.1228 %
22   7   27.7      0.337165    1.21638   28      49.1228 %
22   8   27.78     0.303073    1.09339   28      49.1228 %
22   9   28.96     0.0548686   0.197949  29      50.8772 %
22   10  28.58     0.462093    1.66709   30      52.6316 %
22   11  29.22     0.772496    2.78692   32      56.1404 %
22   12  31.46     0.598467    2.15908   32      56.1404 %
22   13  31.96     0.0784      0.282843  32      56.1404 %
22   14  31.92     0.1568      0.565685  32      56.1404 %
22   15  31.26     0.971257    3.50399   32      56.1404 %
22   16  31.66     0.443108    1.5986    32      56.1404 %
22   17  31.52     0.658423    2.37538   32      56.1404 %
22   18  31.98     0.0392      0.141421  32      56.1404 %
22   19  32        0           0         32      56.1404 %
22   20  31.74     0.5096      1.83848   32      56.1404 %
22   21  31.64     0.496982    1.79296   32      56.1404 %
22   22  31.58     0.5432      1.9597    32      56.1404 %
22   23  32.06     0.989807    3.57091   33      57.8947 %
22   24  32.66     0.374028    1.34938   33      57.8947 %
22   25  32.74     0.315842    1.13946   33      57.8947 %
22   26  32.34     0.627625    2.26427   33      57.8947 %
22   27  32.88     0.144302    0.520596  33      57.8947 %
22   28  31.94     1.14        4.11275   33      57.8947 %
22   29  32.52     0.7392      2.6668    33      57.8947 %
22   30  32.06     1.08935     3.93005   33      57.8947 %
22   31  32.94     0.0664963   0.239898  33      57.8947 %
22   32  31.8      1.33463     4.81494   33      57.8947 %
22   33  32.58     0.441264    1.59194   33      57.8947 %
22   34  31.88     1.00432     3.62328   33      57.8947 %
22   35  32.8      0.296324    1.06904   33      57.8947 %
22   36  32.6      0.504       1.81827   33      57.8947 %
22   37  32.5      0.653667    2.35822   33      57.8947 %
22   38  32.66     0.493341    1.77982   33      57.8947 %
22   39  32.28     0.883736    3.18824   33      57.8947 %
22   40  31.96     1.16119     4.1892    33      57.8947 %
22   41  32.98     0.0392      0.141421  33      57.8947 %
22   42  32.72     0.5488      1.9799    33      57.8947 %
22   43  32.74     0.5096      1.83848   33      57.8947 %
22   44  32.08     0.938464    3.38568   33      57.8947 %
22   45  32.62     0.503658    1.81704   33      57.8947 %
22   46  34        0           0         34      59.6491 %
22   47  33.76     0.283119    1.0214    34      59.6491 %
22   48  33.46     0.745473    2.68944   34      59.6491 %
22   49  33.34     0.781215    2.81838   34      59.6491 %
22   50  33.56     0.531735    1.91833   34      59.6491 %
22   51  33.5      0.686428    2.47642   34      59.6491 %
22   52  33.52     0.665529    2.40102   34      59.6491 %
22   53  33.9      0.14        0.505076  34      59.6491 %
22   54  32.62     1.3096      4.72462   34      59.6491 %
22   55  33.66     0.6664      2.40416   34      59.6491 %
22   56  34        0           0         34      59.6491 %
22   57  33.94     0.1176      0.424264  34      59.6491 %
22   58  33.94     0.1176      0.424264  34      59.6491 %
22   59  32.68     1.25275     4.51953   34      59.6491 %
22   60  33.88     0.144302    0.520596  34      59.6491 %
22   61  34        0           0         34      59.6491 %
22   62  33.82     0.2072      0.747513  34      59.6491 %
22   63  33.92     0.1568      0.565685  34      59.6491 %
22   64  33.72     0.336187    1.21286   34      59.6491 %
22   65  33.94     0.0869354   0.313636  34      59.6491 %
22   66  33.96     0.0784      0.282843  34      59.6491 %
22   67  33.54     0.51389     1.85395   34      59.6491 %
22   68  33.88     0.199096    0.718275  34      59.6491 %
22   69  33.72     0.349899    1.26233   34      59.6491 %
22   70  33.24     0.67563     2.43746   34      59.6491 %
22   71  32.86     1.09596     3.95387   34      59.6491 %
22   72  34        0           0         34      59.6491 %
22   73  33.68     0.453012    1.63433   34      59.6491 %
22   74  33.36     0.885013    3.19285   34      59.6491 %
22   75  33.36     0.812984    2.93299   34      59.6491 %
22   76  33.7      0.412466    1.48805   34      59.6491 %
22   77  33.56     0.549143    1.98114   34      59.6491 %
22   78  33.38     0.854601    3.08313   34      59.6491 %
22   79  33.94     0.0869354   0.313636  34      59.6491 %
22   80  33.9      0.160848    0.580288  34      59.6491 %
22   81  33.66     0.6664      2.40416   34      59.6491 %
22   82  34        0           0         34      59.6491 %
22   83  33.56     0.603554    2.17744   34      59.6491 %
22   84  33.82     0.283838    1.024     34      59.6491 %
22   85  33.66     0.588959    2.12478   34      59.6491 %
22   86  33.94     0.1176      0.424264  34      59.6491 %
22   87  33.52     0.679518    2.45149   34      59.6491 %
22   88  33.98     0.0392      0.141421  34      59.6491 %
22   89  33.5      0.686428    2.47642   34      59.6491 %
22   90  33.76     0.398191    1.43655   34      59.6491 %
22   91  33.7      0.455807    1.64441   34      59.6491 %
22   92  33.4      0.769873    2.77746   34      59.6491 %
22   93  32.86     1.24341     4.48585   34      59.6491 %
22   94  33.64     0.447159    1.61321   34      59.6491 %
22   95  33.72     0.437517    1.57843   34      59.6491 %
22   96  33.74     0.433087    1.56244   34      59.6491 %
22   97  33.96     0.0784      0.282843  34      59.6491 %
22   98  33.08     0.943463    3.40372   34      59.6491 %
22   99  33.54     0.626625    2.26067   34      59.6491 %
22   100 33.94     0.1176      0.424264  34      59.6491 %
22   101 33.96     0.0548686   0.197949  34      59.6491 %
22   102 33.62     0.497392    1.79444   34      59.6491 %
22   103 33.42     0.768017    2.77077   34      59.6491 %
22   104 32.7      1.12315     4.05196   34      59.6491 %
22   105 33.26     0.763348    2.75392   34      59.6491 %
22   106 33.42     0.701879    2.53216   34      59.6491 %
22   107 34        0           0         34      59.6491 %
22   108 33.82     0.3528      1.27279   34      59.6491 %
22   109 33.52     0.786476    2.83736   34      59.6491 %
22   110 33.94     0.0869354   0.313636  34      59.6491 %
22   111 33.78     0.318216    1.14802   34      59.6491 %
22   112 33.52     0.590634    2.13082   34      59.6491 %
22   113 33.4      0.62359     2.24972   34      59.6491 %
22   114 33.04     0.933639    3.36828   34      59.6491 %
22   115 33.3      0.840467    3.03214   34      59.6491 %
22   116 33.7      0.412466    1.48805   34      59.6491 %
22   117 33.58     0.448315    1.61738   34      59.6491 %
22   118 33.12     0.977421    3.52623   34      59.6491 %
22   119 33.18     0.93654     3.37875   34      59.6491 %
22   120 33.76     0.432181    1.55917   34      59.6491 %
22   121 33.96     0.0548686   0.197949  34      59.6491 %
22   122 33.5      0.690982    2.49285   34      59.6491 %
22   123 33.96     0.0548686   0.197949  34      59.6491 %
22   124 33.54     0.516932    1.86493   34      59.6491 %
22   125 33.46     0.721966    2.60463   34      59.6491 %
22   126 33.84     0.2464      0.888934  34      59.6491 %
22   127 33.8      0.392       1.41421   34      59.6491 %
22   128 33.96     0.0548686   0.197949  34      59.6491 %
22   129 33.4      0.681269    2.45781   34      59.6491 %
22   130 33.98     0.0392      0.141421  34      59.6491 %
22   131 33.1      1.02229     3.68809   34      59.6491 %
22   132 33.7      0.482543    1.74087   34      59.6491 %
22   133 33.48     0.590634    2.13082   34      59.6491 %
22   134 33.78     0.292543    1.0554    34      59.6491 %
22   135 33.76     0.4704      1.69706   34      59.6491 %
22   136 33.4      0.66023     2.3819    34      59.6491 %
22   137 33.42     0.715157    2.58006   34      59.6491 %
22   138 33.96     0.0548686   0.197949  34      59.6491 %
22   139 33.84     0.180247    0.650275  34      59.6491 %
22   140 33.98     0.0392      0.141421  34      59.6491 %
22   141 33.42     0.796087    2.87203   34      59.6491 %
22   142 33.5      0.796402    2.87317   34      59.6491 %
22   143 34.98     0.0392      0.141421  35      61.4035 %
22   144 34.3      0.86438     3.11841   35      61.4035 %
22   145 34.14     1.02498     3.69782   35      61.4035 %
22   146 34.28     0.717237    2.58757   35      61.4035 %
22   147 34.86     0.168093    0.606428  35      61.4035 %
22   148 34.44     0.613858    2.21461   35      61.4035 %
22   149 34.46     0.663098    2.39225   35      61.4035 %
22   150 34.96     0.0548686   0.197949  35      61.4035 %
22   151 34.74     0.406955    1.46817   35      61.4035 %
22   152 34.72     0.2688      0.969746  35      61.4035 %
22   153 34.96     0.0548686   0.197949  35      61.4035 %
22   154 34        1.00019     3.60838   35      61.4035 %
22   155 34.16     0.945986    3.41282   35      61.4035 %
22   156 34.88     0.199096    0.718275  35      61.4035 %
22   157 34.64     0.521612    1.88181   35      61.4035 %
22   158 34.72     0.437517    1.57843   35      61.4035 %
22   159 34.88     0.199096    0.718275  35      61.4035 %
22   160 34.72     0.400077    1.44335   35      61.4035 %
22   161 34.78     0.393158    1.41839   35      61.4035 %
22   162 34.4      0.650661    2.34738   35      61.4035 %
22   163 34.66     0.378197    1.36442   35      61.4035 %
22   164 34.2      0.510184    1.84059   35      61.4035 %
22   165 34.28     0.863999    3.11704   35      61.4035 %
22   166 34.24     0.910857    3.28609   35      61.4035 %
22   167 34.66     0.518144    1.8693    35      61.4035 %
22   168 34.28     0.909961    3.28286   35      61.4035 %
22   169 34.62     0.578971    2.08875   35      61.4035 %
22   170 34.72     0.306929    1.1073    35      61.4035 %
22   171 35        0           0         35      61.4035 %
22   172 35        0           0         35      61.4035 %
22   173 34.46     0.741255    2.67422   35      61.4035 %
22   174 34.88     0.524251    1.89133   36      63.1579 %
22   175 35.04     1.05357     3.80097   36      63.1579 %
22   176 35.64     0.666753    2.40544   36      63.1579 %
22   177 35.22     0.949179    3.42434   36      63.1579 %
22   178 35        0.91676     3.30738   36      63.1579 %
22   179 35.14     0.828743    2.98985   36      63.1579 %
22   180 35.26     0.847082    3.05601   36      63.1579 %
22   181 35.14     0.956945    3.45236   36      63.1579 %
22   182 35.32     0.739624    2.66833   36      63.1579 %
22   183 35.88     0.199096    0.718275  36      63.1579 %
22   184 35.64     0.7056      2.54558   36      63.1579 %
22   185 35.28     0.840075    3.03073   36      63.1579 %
22   186 36        0           0         36      63.1579 %
22   187 35.28     0.78007     2.81425   36      63.1579 %
22   188 35.36     0.885013    3.19285   36      63.1579 %
22   189 35.98     0.0392      0.141421  36      63.1579 %
22   190 35.72     0.2912      1.05056   36      63.1579 %
22   191 35.82     0.315246    1.13731   36      63.1579 %
22   192 35.8      0.201911    0.728431  36      63.1579 %
22   193 35.98     0.213168    0.769044  37      64.9123 %
22   194 36.98     0.0392      0.141421  37      64.9123 %
22   195 36.52     0.523053    1.88701   37      64.9123 %
22   196 36.74     0.357743    1.29063   37      64.9123 %
22   197 36.88     0.164606    0.593846  37      64.9123 %
22   198 35.94     1.28362     4.63091   37      64.9123 %
22   199 36.08     0.818903    2.95435   37      64.9123 %
22   200 36.86     0.201989    0.728711  37      64.9123 %
