Run  RI  Mean      95% CI      SD        Best    % Correct 
7    0   14.28     0.673847    3.43799   22      38.5965 %
7    1   23.39     0.162189    0.827495  24      42.1053 %
7    2   24.9      0.0653333   0.333333  25      43.8596 %
7    3   25.1      0.090271    0.460566  26      45.614  %
7    4   26.51     0.126118    0.64346   27      47.3684 %
7    5   27.44     0.356019    1.81642   29      50.8772 %
7    6   28.47     0.39245     2.0023    29      50.8772 %
7    7   28.83     0.160167    0.817177  29      50.8772 %
7    8   28.43     0.509322    2.59858   29      50.8772 %
7    9   29.99     0.0196      0.1       30      52.6316 %
7    10  29.72     0.176367    0.899832  30      52.6316 %
7    11  29.61     0.386914    1.97405   30      52.6316 %
7    12  29.26     0.55968     2.85551   31      54.386  %
7    13  30.83     0.256923    1.31083   31      54.386  %
7    14  30.65     0.373108    1.90361   32      56.1404 %
7    15  31.39     0.574916    2.93325   32      56.1404 %
7    16  31.91     0.0840146   0.428646  32      56.1404 %
7    17  31.57     0.438052    2.23496   32      56.1404 %
7    18  32.06     0.200541    1.02317   33      57.8947 %
7    19  32.49     0.358382    1.82848   33      57.8947 %
7    20  32.13     0.688417    3.51233   33      57.8947 %
7    21  33.89     0.124258    0.633971  34      59.6491 %
7    22  34.47     0.228802    1.16736   35      61.4035 %
7    23  33.8      0.817438    4.1706    35      61.4035 %
7    24  34.62     0.412057    2.10233   35      61.4035 %
7    25  34.84     0.275388    1.40504   35      61.4035 %
7    26  34.29     0.585881    2.98919   35      61.4035 %
7    27  34.35     0.58128     2.96571   35      61.4035 %
7    28  34.46     0.461489    2.35454   35      61.4035 %
7    29  34.39     0.559871    2.85648   35      61.4035 %
7    30  34.76     0.216005    1.10206   35      61.4035 %
7    31  34.95     0.0806206   0.411329  35      61.4035 %
7    32  34.55     0.403103    2.05665   35      61.4035 %
7    33  33.87     0.833727    4.25371   35      61.4035 %
7    34  34.31     0.610785    3.11625   35      61.4035 %
7    35  34.02     0.708049    3.61249   35      61.4035 %
7    36  34.14     0.72593     3.70372   35      61.4035 %
7    37  34.63     0.417553    2.13037   35      61.4035 %
7    38  34.38     0.505133    2.57721   35      61.4035 %
7    39  34.54     0.420115    2.14344   35      61.4035 %
7    40  34.06     0.660316    3.36896   35      61.4035 %
7    41  34.11     0.704155    3.59263   35      61.4035 %
7    42  34.23     0.569464    2.90543   35      61.4035 %
7    43  33.83     0.794841    4.05531   35      61.4035 %
7    44  34.57     0.46637     2.37944   35      61.4035 %
7    45  34.13     0.772861    3.94317   35      61.4035 %
7    46  34.72     0.340144    1.73543   35      61.4035 %
7    47  34.51     0.443545    2.26299   35      61.4035 %
7    48  34.12     0.694939    3.5456    35      61.4035 %
7    49  34.5      0.501061    2.55643   35      61.4035 %
7    50  34.62     0.44641     2.2776    35      61.4035 %
7    51  34.66     0.350416    1.78784   35      61.4035 %
7    52  34.56     0.486778    2.48356   36      63.1579 %
7    53  35.53     0.440878    2.24938   36      63.1579 %
7    54  34.56     0.934111    4.76587   36      63.1579 %
7    55  36.62     0.469293    2.39435   37      64.9123 %
7    56  36.56     0.408786    2.08564   37      64.9123 %
7    57  36.49     0.423862    2.16256   37      64.9123 %
7    58  36.36     0.591304    3.01686   37      64.9123 %
7    59  36.67     0.322548    1.64566   37      64.9123 %
7    60  36.58     0.513061    2.61766   37      64.9123 %
7    61  36.42     0.562143    2.86808   37      64.9123 %
7    62  36.87     0.186161    0.949801  37      64.9123 %
7    63  36.38     0.619669    3.16157   37      64.9123 %
7    64  36.33     0.599473    3.05854   37      64.9123 %
7    65  36.77     0.266996    1.36222   37      64.9123 %
7    66  36.44     0.633626    3.23279   37      64.9123 %
7    67  36.31     0.583492    2.977     37      64.9123 %
7    68  36.18     0.715897    3.65253   37      64.9123 %
7    69  36.9      0.116539    0.594588  37      64.9123 %
7    70  36.55     0.403103    2.05665   37      64.9123 %
7    71  36.3      0.512546    2.61503   37      64.9123 %
7    72  36.64     0.361642    1.84511   37      64.9123 %
7    73  36.29     0.640312    3.2669    37      64.9123 %
7    74  36.9      0.119823    0.611341  37      64.9123 %
7    75  36.55     0.438159    2.2355    37      64.9123 %
7    76  36        0.78003     3.97975   37      64.9123 %
7    77  36.61     0.302483    1.54328   37      64.9123 %
7    78  36.2      0.625416    3.1909    37      64.9123 %
7    79  36.88     0.178988    0.913203  37      64.9123 %
7    80  36.94     0.0827347   0.422116  37      64.9123 %
7    81  36.6      0.369581    1.88562   37      64.9123 %
7    82  36.51     0.523034    2.66854   37      64.9123 %
7    83  35.87     0.855322    4.36389   37      64.9123 %
7    84  36.44     0.5964      3.04286   37      64.9123 %
7    85  36.69     0.433994    2.21426   37      64.9123 %
7    86  36.1      0.713247    3.63901   37      64.9123 %
7    87  36.18     0.679752    3.46812   37      64.9123 %
7    88  36.84     0.179939    0.918057  37      64.9123 %
7    89  36.27     0.572861    2.92276   37      64.9123 %
7    90  36.05     0.772721    3.94245   37      64.9123 %
7    91  36.48     0.497938    2.5405    37      64.9123 %
7    92  36.37     0.508865    2.59625   37      64.9123 %
7    93  36.35     0.576588    2.94178   37      64.9123 %
7    94  36.62     0.43138     2.20092   37      64.9123 %
7    95  36.45     0.615645    3.14104   37      64.9123 %
7    96  36.83     0.162571    0.829445  37      64.9123 %
7    97  36.86     0.144809    0.738822  37      64.9123 %
7    98  36.69     0.475793    2.42751   37      64.9123 %
7    99  36.71     0.302996    1.5459    37      64.9123 %
7    100 36.62     0.435854    2.22375   37      64.9123 %
7    101 36.81     0.316034    1.61242   37      64.9123 %
7    102 36.54     0.462329    2.35882   37      64.9123 %
7    103 35.9      0.808609    4.12555   37      64.9123 %
7    104 36.09     0.719527    3.67106   37      64.9123 %
7    105 36.35     0.646992    3.30098   37      64.9123 %
7    106 36.05     0.74511     3.80158   37      64.9123 %
7    107 36.45     0.567088    2.8933    37      64.9123 %
7    108 36.82     0.191757    0.978352  37      64.9123 %
7    109 36.18     0.720759    3.67734   37      64.9123 %
7    110 36.7      0.363761    1.85592   37      64.9123 %
7    111 36.12     0.698281    3.56266   37      64.9123 %
7    112 36.28     0.593635    3.02875   37      64.9123 %
7    113 36.46     0.490036    2.50018   37      64.9123 %
7    114 36.89     0.114507    0.58422   37      64.9123 %
7    115 36.66     0.366651    1.87067   37      64.9123 %
7    116 36.87     0.143828    0.733815  37      64.9123 %
7    117 36.79     0.31677     1.61617   37      64.9123 %
7    118 36.2      0.642553    3.27833   37      64.9123 %
7    119 36.61     0.404563    2.0641    37      64.9123 %
7    120 36.49     0.529669    2.70239   37      64.9123 %
7    121 36.03     0.799902    4.08113   37      64.9123 %
7    122 36.27     0.524782    2.67746   37      64.9123 %
7    123 36.38     0.590161    3.01102   37      64.9123 %
7    124 36.09     0.781569    3.98759   37      64.9123 %
7    125 36.96     0.0551565   0.281411  37      64.9123 %
7    126 35.87     0.905137    4.61805   37      64.9123 %
7    127 36.29     0.621242    3.1696    37      64.9123 %
7    128 36.62     0.379711    1.9373    37      64.9123 %
7    129 36.58     0.465474    2.37487   37      64.9123 %
7    130 36.22     0.694548    3.54361   37      64.9123 %
7    131 36.68     0.424214    2.16436   37      64.9123 %
7    132 36.66     0.243214    1.24089   37      64.9123 %
7    133 36.08     0.722533    3.68639   37      64.9123 %
7    134 36.16     0.743204    3.79186   37      64.9123 %
7    135 36.23     0.537205    2.74084   37      64.9123 %
7    136 36.55     0.386392    1.97139   37      64.9123 %
7    137 36.68     0.443007    2.26024   37      64.9123 %
7    138 35.94     0.739068    3.77075   37      64.9123 %
7    139 36.93     0.0892116   0.455161  37      64.9123 %
7    140 36.35     0.502511    2.56383   37      64.9123 %
7    141 36.09     0.729702    3.72297   37      64.9123 %
7    142 36.83     0.157725    0.804721  37      64.9123 %
7    143 36.67     0.457804    2.33573   37      64.9123 %
7    144 36.85     0.153536    0.783349  37      64.9123 %
7    145 36.11     0.749534    3.82415   37      64.9123 %
7    146 36.39     0.603242    3.07776   37      64.9123 %
7    147 36.06     0.787861    4.0197    37      64.9123 %
7    148 36.82     0.315647    1.61045   37      64.9123 %
7    149 36.77     0.237784    1.21319   37      64.9123 %
7    150 36.17     0.737088    3.76065   37      64.9123 %
7    151 35.7      0.926679    4.72795   37      64.9123 %
7    152 36.5      0.484525    2.47207   37      64.9123 %
7    153 36.33     0.593619    3.02867   37      64.9123 %
7    154 36.48     0.524505    2.67604   37      64.9123 %
7    155 35.46     1.02639     5.23666   37      64.9123 %
7    156 36.76     0.41519     2.11832   37      64.9123 %
7    157 36.13     0.593357    3.02733   37      64.9123 %
7    158 36.75     0.377245    1.92472   37      64.9123 %
7    159 36.44     0.543999    2.77551   37      64.9123 %
7    160 36.8      0.221118    1.12815   37      64.9123 %
7    161 36.42     0.508502    2.5944    37      64.9123 %
7    162 36.42     0.549577    2.80397   37      64.9123 %
7    163 36.58     0.427222    2.1797    37      64.9123 %
7    164 36.12     0.798361    4.07327   37      64.9123 %
7    165 36.34     0.548899    2.80051   37      64.9123 %
7    166 36.74     0.408121    2.08225   37      64.9123 %
7    167 35.98     0.777529    3.96698   37      64.9123 %
7    168 36.55     0.410732    2.09557   37      64.9123 %
7    169 36.69     0.382678    1.95244   37      64.9123 %
7    170 35.55     0.94364     4.81449   37      64.9123 %
7    171 36.55     0.429211    2.18985   37      64.9123 %
7    172 36.1      0.739949    3.77525   37      64.9123 %
7    173 36.58     0.432637    2.20733   37      64.9123 %
7    174 36.49     0.464903    2.37195   37      64.9123 %
7    175 36.99     0.0196      0.1       37      64.9123 %
7    176 36.44     0.561549    2.86505   37      64.9123 %
7    177 36.09     0.763486    3.89534   37      64.9123 %
7    178 36.26     0.677029    3.45423   37      64.9123 %
7    179 36.36     0.562377    2.86927   37      64.9123 %
7    180 36.58     0.302849    1.54515   37      64.9123 %
7    181 36.58     0.407702    2.08011   37      64.9123 %
7    182 36.37     0.552025    2.81646   37      64.9123 %
7    183 36.73     0.45423     2.3175    37      64.9123 %
7    184 36.73     0.372567    1.90085   37      64.9123 %
7    185 36.86     0.169501    0.8648    37      64.9123 %
7    186 36.84     0.151872    0.774857  37      64.9123 %
7    187 36.77     0.22948     1.17082   37      64.9123 %
7    188 36.01     0.733627    3.74299   37      64.9123 %
7    189 36.31     0.660243    3.36859   37      64.9123 %
7    190 36.69     0.391698    1.99846   37      64.9123 %
7    191 36.25     0.606756    3.0957    37      64.9123 %
7    192 36.44     0.58656     2.99265   37      64.9123 %
7    193 36.19     0.700176    3.57233   37      64.9123 %
7    194 36.57     0.477876    2.43814   37      64.9123 %
7    195 36.45     0.573213    2.92456   37      64.9123 %
7    196 36.2      0.730714    3.72813   37      64.9123 %
7    197 36.61     0.356645    1.81962   37      64.9123 %
7    198 36.83     0.18066     0.921735  37      64.9123 %
7    199 36.3      0.622617    3.17662   37      64.9123 %
7    200 36.46     0.580642    2.96246   37      64.9123 %
7    201 36.17     0.725949    3.70382   37      64.9123 %
7    202 36.66     0.470482    2.40042   37      64.9123 %
7    203 36.69     0.359679    1.8351    37      64.9123 %
7    204 36.48     0.579344    2.95584   37      64.9123 %
7    205 36.6      0.475226    2.42462   37      64.9123 %
7    206 35.94     0.709056    3.61763   37      64.9123 %
7    207 36.71     0.360325    1.8384    37      64.9123 %
7    208 36.24     0.658138    3.35785   37      64.9123 %
7    209 36.83     0.197096    1.00559   37      64.9123 %
7    210 36.73     0.371524    1.89553   37      64.9123 %
7    211 36.56     0.359274    1.83303   37      64.9123 %
7    212 35.73     0.89314     4.55684   37      64.9123 %
7    213 36.21     0.667026    3.40319   37      64.9123 %
7    214 35.7      0.974042    4.9696    37      64.9123 %
7    215 36.52     0.467388    2.38463   37      64.9123 %
7    216 36.72     0.38408     1.95959   37      64.9123 %
7    217 36.31     0.627086    3.19942   37      64.9123 %
7    218 36.79     0.199522    1.01797   37      64.9123 %
7    219 36.97     0.0588      0.3       37      64.9123 %
7    220 36.55     0.434602    2.21736   37      64.9123 %
7    221 36.32     0.657997    3.35713   37      64.9123 %
7    222 35.88     0.846945    4.32115   37      64.9123 %
7    223 36.15     0.772721    3.94245   37      64.9123 %
7    224 36.44     0.558778    2.85091   37      64.9123 %
7    225 36.54     0.444354    2.26711   37      64.9123 %
7    226 36.87     0.110225    0.562372  37      64.9123 %
7    227 36.38     0.622792    3.17751   37      64.9123 %
7    228 35.89     0.733309    3.74137   37      64.9123 %
7    229 36.27     0.597398    3.04795   37      64.9123 %
7    230 36.11     0.717259    3.65948   37      64.9123 %
7    231 36.39     0.560563    2.86002   37      64.9123 %
7    232 36.28     0.571657    2.91662   37      64.9123 %
7    233 36.5      0.586017    2.98988   37      64.9123 %
7    234 36.45     0.564344    2.87931   37      64.9123 %
7    235 36.53     0.582       2.96939   37      64.9123 %
7    236 36.13     0.671871    3.42792   37      64.9123 %
7    237 36.51     0.528202    2.69491   37      64.9123 %
7    238 36.86     0.144809    0.738822  37      64.9123 %
7    239 36.82     0.248204    1.26635   37      64.9123 %
7    240 36.55     0.386392    1.97139   37      64.9123 %
7    241 36.21     0.760532    3.88027   37      64.9123 %
7    242 36.49     0.563739    2.87622   37      64.9123 %
7    243 36.43     0.607319    3.09857   37      64.9123 %
7    244 36.55     0.408838    2.08591   37      64.9123 %
7    245 36.14     0.77505     3.95434   37      64.9123 %
7    246 36.43     0.613675    3.131     37      64.9123 %
7    247 36.74     0.381587    1.94687   37      64.9123 %
7    248 36.7      0.38852     1.98224   37      64.9123 %
7    249 36.81     0.22751     1.16076   37      64.9123 %
7    250 36.28     0.730226    3.72564   37      64.9123 %
7    251 35.46     1.11029     5.66474   37      64.9123 %
7    252 36.35     0.610582    3.11521   37      64.9123 %
7    253 36.15     0.633047    3.22983   37      64.9123 %
7    254 36.57     0.46135     2.35383   37      64.9123 %
7    255 36.25     0.716436    3.65529   37      64.9123 %
7    256 36.69     0.399545    2.03849   37      64.9123 %
7    257 36.39     0.580959    2.96408   37      64.9123 %
7    258 36.41     0.557231    2.84301   37      64.9123 %
7    259 36.69     0.394659    2.01357   37      64.9123 %
7    260 36.38     0.625899    3.19336   37      64.9123 %
7    261 36.46     0.429252    2.19006   37      64.9123 %
7    262 35.23     1.14587     5.84627   37      64.9123 %
7    263 36.14     0.740222    3.77664   37      64.9123 %
7    264 36.49     0.584688    2.9831    37      64.9123 %
7    265 36.34     0.600227    3.06238   37      64.9123 %
7    266 36.46     0.533265    2.72074   37      64.9123 %
7    267 36.39     0.518863    2.64726   37      64.9123 %
7    268 36.04     0.82731     4.22097   37      64.9123 %
7    269 36.44     0.573852    2.92782   37      64.9123 %
7    270 36.7      0.38852     1.98224   37      64.9123 %
7    271 36.93     0.057465    0.293189  37      64.9123 %
7    272 36.6      0.413204    2.10819   37      64.9123 %
7    273 36.19     0.763791    3.89689   37      64.9123 %
7    274 36.6      0.385008    1.96433   37      64.9123 %
7    275 36.59     0.44407     2.26566   37      64.9123 %
7    276 36.44     0.631172    3.22026   37      64.9123 %
7    277 36.45     0.54261     2.76842   37      64.9123 %
7    278 36.45     0.554634    2.82977   37      64.9123 %
7    279 36.1      0.682669    3.483     37      64.9123 %
7    280 36.44     0.533192    2.72037   37      64.9123 %
7    281 36.65     0.457227    2.33279   37      64.9123 %
7    282 36.49     0.540547    2.75789   37      64.9123 %
7    283 36.36     0.663658    3.38601   37      64.9123 %
7    284 36.8      0.303897    1.5505    37      64.9123 %
7    285 36.95     0.098       0.5       37      64.9123 %
7    286 36.53     0.519281    2.64939   37      64.9123 %
7    287 36.29     0.631156    3.22019   37      64.9123 %
7    288 35.92     0.822493    4.19639   37      64.9123 %
7    289 36.56     0.405928    2.07106   37      64.9123 %
7    290 36.3      0.554722    2.83021   37      64.9123 %
7    291 36.1      0.76724     3.91449   37      64.9123 %
7    292 36.62     0.557708    2.84545   38      66.6667 %
7    293 37.42     0.566269    2.88913   38      66.6667 %
7    294 36.75     0.91948     4.69122   38      66.6667 %
7    295 37.77     0.175871    0.897302  38      66.6667 %
7    296 37.61     0.380849    1.9431    38      66.6667 %
7    297 37.63     0.413819    2.11132   38      66.6667 %
7    298 37.59     0.280103    1.4291    38      66.6667 %
7    299 37.24     0.708125    3.61288   38      66.6667 %
7    300 37.15     0.776728    3.9629    38      66.6667 %
7    301 37.56     0.517684    2.64124   38      66.6667 %
7    302 37.4      0.476042    2.42878   38      66.6667 %
7    303 37.21     0.694947    3.54565   38      66.6667 %
7    304 37.57     0.529493    2.7015    38      66.6667 %
7    305 37.12     0.717467    3.66055   38      66.6667 %
7    306 36.99     0.741518    3.78326   38      66.6667 %
7    307 37.47     0.387475    1.97691   38      66.6667 %
7    308 37.55     0.497856    2.54008   38      66.6667 %
7    309 37.1      0.664814    3.39191   38      66.6667 %
7    310 37.17     0.805992    4.1122    38      66.6667 %
7    311 37.38     0.604453    3.08394   38      66.6667 %
7    312 37.65     0.452964    2.31104   38      66.6667 %
7    313 37.5      0.601699    3.06989   38      66.6667 %
7    314 36.02     1.13126     5.77172   38      66.6667 %
7    315 37.4      0.594889    3.03515   38      66.6667 %
7    316 37.23     0.713984    3.64277   38      66.6667 %
7    317 37.31     0.685615    3.49804   38      66.6667 %
7    318 37.25     0.664157    3.38856   38      66.6667 %
7    319 37.45     0.595133    3.0364    38      66.6667 %
7    320 36.77     0.916724    4.67716   38      66.6667 %
7    321 37.72     0.5488      2.8       38      66.6667 %
7    322 37.3      0.699513    3.56895   38      66.6667 %
7    323 37.05     0.723443    3.69103   38      66.6667 %
7    324 37.36     0.58999     3.01015   38      66.6667 %
7    325 37.33     0.598177    3.05192   38      66.6667 %
7    326 37.58     0.378072    1.92894   38      66.6667 %
7    327 37.21     0.681414    3.4766    38      66.6667 %
7    328 37.55     0.609309    3.10872   38      66.6667 %
7    329 37.51     0.513299    2.61887   38      66.6667 %
7    330 37.38     0.645434    3.29303   38      66.6667 %
7    331 37.55     0.439043    2.24002   38      66.6667 %
7    332 37.6      0.310216    1.58274   38      66.6667 %
7    333 37.31     0.661417    3.37458   38      66.6667 %
7    334 38        0           0         38      66.6667 %
7    335 37.66     0.350416    1.78784   38      66.6667 %
7    336 37.61     0.359894    1.8362    38      66.6667 %
7    337 37.64     0.458198    2.33774   38      66.6667 %
7    338 37.68     0.428763    2.18757   38      66.6667 %
7    339 37.93     0.0847504   0.4324    38      66.6667 %
7    340 37.81     0.240768    1.22841   38      66.6667 %
7    341 37.74     0.396547    2.0232    38      66.6667 %
7    342 37.92     0.0910414   0.464497  38      66.6667 %
7    343 37.64     0.422968    2.158     38      66.6667 %
7    344 37.57     0.44769     2.28414   38      66.6667 %
7    345 37.65     0.390388    1.99178   38      66.6667 %
7    346 37.46     0.5252      2.67959   38      66.6667 %
7    347 37.74     0.273834    1.39711   38      66.6667 %
7    348 37.06     0.8282      4.22551   38      66.6667 %
7    349 37.59     0.451866    2.30544   38      66.6667 %
7    350 37.46     0.482856    2.46355   38      66.6667 %
7    351 36.25     1.0525      5.3699    38      66.6667 %
7    352 37.7      0.245247    1.25126   38      66.6667 %
7    353 37.55     0.418221    2.13378   38      66.6667 %
7    354 37.27     0.628421    3.20623   38      66.6667 %
7    355 37.98     0.0275782   0.140705  38      66.6667 %
7    356 37.34     0.53819     2.74587   38      66.6667 %
7    357 37.41     0.527172    2.68965   38      66.6667 %
7    358 37.55     0.376215    1.91946   38      66.6667 %
7    359 37.56     0.37924     1.9349    38      66.6667 %
7    360 37.43     0.522113    2.66384   38      66.6667 %
7    361 37.42     0.552394    2.81834   38      66.6667 %
7    362 37.72     0.37797     1.92842   38      66.6667 %
7    363 37.24     0.684156    3.49059   38      66.6667 %
7    364 37.88     0.0848648   0.432984  38      66.6667 %
7    365 37.18     0.667657    3.40641   38      66.6667 %
7    366 37.48     0.525244    2.67982   38      66.6667 %
7    367 36.81     0.882581    4.50296   38      66.6667 %
7    368 37.09     0.786518    4.01285   38      66.6667 %
7    369 37.39     0.44302     2.26031   38      66.6667 %
7    370 37.13     0.698489    3.56372   38      66.6667 %
7    371 37.7      0.438269    2.23607   38      66.6667 %
7    372 37.88     0.181143    0.924198  38      66.6667 %
7    373 37.76     0.321422    1.63991   38      66.6667 %
7    374 37.33     0.698711    3.56485   38      66.6667 %
7    375 37.44     0.529541    2.70174   38      66.6667 %
7    376 37.97     0.0436495   0.222702  38      66.6667 %
7    377 37.57     0.438937    2.23948   38      66.6667 %
7    378 37.59     0.470379    2.39989   38      66.6667 %
7    379 37.86     0.217615    1.11028   38      66.6667 %
7    380 37.27     0.675443    3.44614   38      66.6667 %
7    381 37.62     0.475046    2.4237    38      66.6667 %
7    382 37.63     0.380604    1.94186   38      66.6667 %
7    383 37.43     0.531687    2.71269   38      66.6667 %
7    384 37.36     0.626977    3.19886   38      66.6667 %
7    385 37.52     0.463218    2.36336   38      66.6667 %
7    386 37.8      0.316409    1.61433   38      66.6667 %
7    387 37.81     0.333945    1.7038    38      66.6667 %
7    388 37.58     0.543185    2.77135   38      66.6667 %
7    389 37.22     0.686681    3.50348   38      66.6667 %
7    390 37.4      0.646167    3.29677   38      66.6667 %
7    391 37.91     0.0742044   0.378594  38      66.6667 %
7    392 37.94     0.0544484   0.277798  38      66.6667 %
7    393 37.2      0.624174    3.18456   38      66.6667 %
7    394 37.22     0.725695    3.70252   38      66.6667 %
7    395 37.05     0.737257    3.76151   38      66.6667 %
7    396 37.77     0.27838     1.42031   38      66.6667 %
7    397 37.16     0.767857    3.91764   38      66.6667 %
7    398 37.68     0.49434     2.52214   38      66.6667 %
7    399 37.65     0.339339    1.73132   38      66.6667 %
7    400 37.1      0.602987    3.07647   38      66.6667 %
