Run  RI  Mean      95% CI      SD        Best    % Correct 
21   0   14.33     0.679567    3.46718   24      42.1053 %
21   1   24.11     0.152319    0.777135  26      45.614  %
21   2   25.86     0.174019    0.887853  27      47.3684 %
21   3   27.18     0.279111    1.42404   30      52.6316 %
21   4   29.6      0.376859    1.92275   31      54.386  %
21   5   30.86     0.124648    0.635959  31      54.386  %
21   6   30.8      0.249172    1.27128   32      56.1404 %
21   7   31.73     0.241026    1.22972   32      56.1404 %
21   8   31.18     0.663576    3.38559   32      56.1404 %
21   9   31.54     0.540493    2.75762   33      57.8947 %
21   10  33.67     0.115048    0.58698   34      59.6491 %
21   11  33.28     0.609121    3.10776   34      59.6491 %
21   12  33.8      0.31518     1.60806   34      59.6491 %
21   13  33.65     0.371022    1.89297   34      59.6491 %
21   14  33.52     0.47968     2.44734   34      59.6491 %
21   15  33.26     0.511879    2.61163   34      59.6491 %
21   16  33.37     0.505805    2.58064   34      59.6491 %
21   17  33.87     0.430367    2.19575   35      61.4035 %
21   18  35.96     0.0386015   0.196946  36      63.1579 %
21   19  35.48     0.463218    2.36336   36      63.1579 %
21   20  35.45     0.533959    2.72428   36      63.1579 %
21   21  35.59     0.438796    2.23875   36      63.1579 %
21   22  35.48     0.469045    2.39309   36      63.1579 %
21   23  35.9      0.175086    0.893297  37      64.9123 %
21   24  36.41     0.573023    2.92359   37      64.9123 %
21   25  35.61     0.943442    4.81348   37      64.9123 %
21   26  36.87     0.106646    0.544115  37      64.9123 %
21   27  36.37     0.569328    2.90473   37      64.9123 %
21   28  36.76     0.234936    1.19865   37      64.9123 %
21   29  36.44     0.482776    2.46314   37      64.9123 %
21   30  36.88     0.122323    0.624095  37      64.9123 %
21   31  36.73     0.324707    1.65667   37      64.9123 %
21   32  36.46     0.517758    2.64162   37      64.9123 %
21   33  36.25     0.544038    2.77571   38      66.6667 %
21   34  37.53     0.4715      2.40561   38      66.6667 %
21   35  37.67     0.334363    1.70593   38      66.6667 %
21   36  37.18     0.610585    3.11523   38      66.6667 %
21   37  37.8      0.180542    0.921132  38      66.6667 %
21   38  37.75     0.221775    1.1315    38      66.6667 %
21   39  37.16     0.72577     3.70291   38      66.6667 %
21   40  37.48     0.47887     2.44321   38      66.6667 %
21   41  37.62     0.375601    1.91633   38      66.6667 %
21   42  37.88     0.163107    0.832181  38      66.6667 %
21   43  37.89     0.162189    0.827495  38      66.6667 %
21   44  37.83     0.314014    1.60211   38      66.6667 %
21   45  37.31     0.603113    3.07711   38      66.6667 %
21   46  37.06     0.741165    3.78145   38      66.6667 %
21   47  37.62     0.491901    2.5097    38      66.6667 %
21   48  37.92     0.0663938   0.338744  38      66.6667 %
21   49  37.69     0.386713    1.97303   38      66.6667 %
21   50  37.46     0.429252    2.19006   38      66.6667 %
21   51  37.32     0.472671    2.41159   38      66.6667 %
21   52  37.87     0.186161    0.949801  38      66.6667 %
21   53  37.29     0.607344    3.0987    38      66.6667 %
21   54  37.73     0.219099    1.11785   38      66.6667 %
21   55  37.66     0.431776    2.20294   38      66.6667 %
21   56  37.14     0.702569    3.58453   38      66.6667 %
21   57  37.38     0.59213     3.02107   38      66.6667 %
21   58  37.56     0.450339    2.29765   38      66.6667 %
21   59  37.24     0.579772    2.95802   38      66.6667 %
21   60  37.54     0.45896     2.34163   38      66.6667 %
21   61  37.55     0.411675    2.10038   38      66.6667 %
21   62  37.42     0.543899    2.775     38      66.6667 %
21   63  37.17     0.698156    3.56202   38      66.6667 %
21   64  37.45     0.477161    2.4345    38      66.6667 %
21   65  37.56     0.413505    2.10972   38      66.6667 %
21   66  37.31     0.588129    3.00066   38      66.6667 %
21   67  37.31     0.664928    3.39249   38      66.6667 %
21   68  37.44     0.557387    2.84381   38      66.6667 %
21   69  37.47     0.552587    2.81932   38      66.6667 %
21   70  37.37     0.615821    3.14194   38      66.6667 %
21   71  37.44     0.502469    2.56361   38      66.6667 %
21   72  37.97     0.0436495   0.222702  38      66.6667 %
21   73  37.63     0.387675    1.97793   38      66.6667 %
21   74  37.38     0.617787    3.15198   38      66.6667 %
21   75  37.52     0.517053    2.63803   38      66.6667 %
21   76  37.25     0.63366     3.23296   38      66.6667 %
21   77  37.3      0.556119    2.83734   38      66.6667 %
21   78  37.55     0.410732    2.09557   38      66.6667 %
21   79  37.57     0.495418    2.52765   38      66.6667 %
21   80  37.5      0.481311    2.45567   38      66.6667 %
21   81  37.57     0.488318    2.49142   38      66.6667 %
21   82  37.21     0.645743    3.29461   38      66.6667 %
21   83  37.49     0.39935     2.0375    38      66.6667 %
21   84  37.52     0.507203    2.58777   38      66.6667 %
21   85  37.48     0.454764    2.32022   38      66.6667 %
21   86  37.41     0.555138    2.83233   38      66.6667 %
21   87  37.94     0.0672071   0.342893  38      66.6667 %
21   88  37.66     0.455395    2.32344   38      66.6667 %
21   89  37.88     0.0935638   0.477367  38      66.6667 %
21   90  37.37     0.571369    2.91515   38      66.6667 %
21   91  37.25     0.696107    3.55157   38      66.6667 %
21   92  37.62     0.404453    2.06354   38      66.6667 %
21   93  37.4      0.625416    3.1909    39      68.4211 %
21   94  38.47     0.532562    2.71715   39      68.4211 %
21   95  38.42     0.56421     2.87862   39      68.4211 %
21   96  38.47     0.549065    2.80135   39      68.4211 %
21   97  38.55     0.553934    2.82619   39      68.4211 %
21   98  38.37     0.625822    3.19297   39      68.4211 %
21   99  38.22     0.630101    3.2148    39      68.4211 %
21   100 38.36     0.639842    3.2645    39      68.4211 %
21   101 38.76     0.335596    1.71223   39      68.4211 %
21   102 38.76     0.294982    1.50501   39      68.4211 %
21   103 38.74     0.211466    1.07891   39      68.4211 %
21   104 38.35     0.686       3.5       39      68.4211 %
21   105 38.7      0.4061      2.07194   39      68.4211 %
21   106 37.88     0.784139    4.00071   39      68.4211 %
21   107 38.71     0.445988    2.27545   39      68.4211 %
21   108 38.59     0.422578    2.15601   39      68.4211 %
21   109 38.79     0.241733    1.23333   39      68.4211 %
21   110 38.57     0.488318    2.49142   39      68.4211 %
21   111 38.5      0.424781    2.16725   39      68.4211 %
21   112 38.56     0.47467     2.42179   39      68.4211 %
21   113 38.4      0.616668    3.14627   39      68.4211 %
21   114 38.35     0.524427    2.67565   39      68.4211 %
21   115 38.78     0.356302    1.81787   39      68.4211 %
21   116 38.6      0.509889    2.60148   39      68.4211 %
21   117 38.07     0.747128    3.81188   39      68.4211 %
21   118 38.45     0.512451    2.61455   39      68.4211 %
21   119 38.36     0.626977    3.19886   39      68.4211 %
21   120 38.44     0.58191     2.96893   39      68.4211 %
21   121 37.94     0.79326     4.04725   39      68.4211 %
21   122 38.38     0.606376    3.09375   39      68.4211 %
21   123 38.33     0.608468    3.10443   39      68.4211 %
21   124 38.82     0.195762    0.998787  39      68.4211 %
21   125 38.57     0.468859    2.39214   39      68.4211 %
21   126 38.64     0.398402    2.03266   39      68.4211 %
21   127 38.18     0.585937    2.98948   39      68.4211 %
21   128 38.45     0.593828    3.02973   39      68.4211 %
21   129 38.35     0.684868    3.49422   39      68.4211 %
21   130 38.22     0.601751    3.07016   39      68.4211 %
21   131 38.13     0.760206    3.8786    39      68.4211 %
21   132 38.99     0.0196      0.1       39      68.4211 %
21   133 38.99     0.0196      0.1       39      68.4211 %
21   134 38.67     0.405675    2.06977   39      68.4211 %
21   135 38.52     0.545538    2.78336   39      68.4211 %
21   136 38.67     0.416995    2.12753   39      68.4211 %
21   137 38.77     0.355512    1.81384   39      68.4211 %
21   138 38.67     0.327325    1.67003   39      68.4211 %
21   139 37.69     0.915385    4.67033   39      68.4211 %
21   140 38.81     0.186244    0.950226  39      68.4211 %
21   141 38.36     0.580709    2.9628    39      68.4211 %
21   142 38.8      0.271528    1.38535   39      68.4211 %
21   143 38.39     0.565388    2.88463   39      68.4211 %
21   144 38.39     0.576938    2.94356   39      68.4211 %
21   145 38.36     0.690592    3.52343   39      68.4211 %
21   146 38.65     0.412617    2.10519   39      68.4211 %
21   147 38.58     0.398071    2.03097   39      68.4211 %
21   148 38.25     0.684868    3.49422   39      68.4211 %
21   149 38.33     0.490538    2.50275   39      68.4211 %
21   150 38.49     0.413669    2.11056   39      68.4211 %
21   151 38.19     0.714983    3.64787   39      68.4211 %
21   152 38.27     0.561918    2.86693   39      68.4211 %
21   153 38.84     0.123711    0.631177  39      68.4211 %
21   154 38.18     0.605479    3.08918   39      68.4211 %
21   155 38.08     0.819657    4.18192   39      68.4211 %
21   156 38.54     0.510209    2.60311   39      68.4211 %
21   157 38.83     0.169581    0.865209  39      68.4211 %
21   158 38.17     0.710824    3.62665   39      68.4211 %
21   159 37.9      0.811005    4.13778   39      68.4211 %
21   160 38.01     0.77077     3.9325    39      68.4211 %
21   161 37.93     0.856048    4.36759   39      68.4211 %
21   162 38.79     0.216319    1.10367   39      68.4211 %
21   163 38.02     0.803544    4.09972   39      68.4211 %
21   164 38.67     0.293577    1.49784   39      68.4211 %
21   165 38.27     0.601283    3.06777   39      68.4211 %
21   166 38.57     0.467201    2.38368   39      68.4211 %
21   167 38.45     0.50559     2.57954   39      68.4211 %
21   168 38.17     0.681847    3.47881   39      68.4211 %
21   169 38.12     0.73457     3.74781   39      68.4211 %
21   170 38.63     0.413819    2.11132   39      68.4211 %
21   171 37.99     0.797979    4.07132   39      68.4211 %
21   172 38.42     0.496924    2.53533   39      68.4211 %
21   173 37.69     0.920458    4.69622   39      68.4211 %
21   174 38.36     0.48052     2.45163   39      68.4211 %
21   175 38.34     0.573108    2.92402   39      68.4211 %
21   176 38.2      0.645566    3.2937    39      68.4211 %
21   177 38.67     0.277263    1.41461   39      68.4211 %
21   178 38.77     0.289317    1.47611   39      68.4211 %
21   179 38.44     0.545424    2.78278   39      68.4211 %
21   180 38.76     0.393107    2.00565   39      68.4211 %
21   181 38.59     0.36011     1.8373    39      68.4211 %
21   182 38.37     0.501955    2.56099   39      68.4211 %
21   183 38.5      0.493256    2.51661   39      68.4211 %
21   184 38.64     0.374297    1.90968   39      68.4211 %
21   185 38.31     0.572753    2.92221   39      68.4211 %
21   186 38.22     0.620795    3.16732   39      68.4211 %
21   187 38.04     0.682907    3.48422   39      68.4211 %
21   188 38.94     0.0672071   0.342893  39      68.4211 %
21   189 38.25     0.669974    3.41824   39      68.4211 %
21   190 38.68     0.275613    1.40619   39      68.4211 %
21   191 38.32     0.698058    3.56152   39      68.4211 %
21   192 38.97     0.0336035   0.171447  39      68.4211 %
21   193 38.07     0.642707    3.27912   39      68.4211 %
21   194 37.68     0.939314    4.79242   39      68.4211 %
21   195 38.64     0.441814    2.25415   39      68.4211 %
21   196 38.66     0.448526    2.2884    39      68.4211 %
21   197 38.83     0.174097    0.888251  39      68.4211 %
21   198 38.61     0.353366    1.80289   39      68.4211 %
21   199 38.65     0.305648    1.55943   39      68.4211 %
21   200 38.48     0.534762    2.72838   39      68.4211 %
21   201 38.02     0.711329    3.62923   39      68.4211 %
21   202 37.56     0.935771    4.77434   39      68.4211 %
21   203 38.76     0.341329    1.74147   39      68.4211 %
21   204 37.94     0.792771    4.04475   39      68.4211 %
21   205 38.14     0.771537    3.93641   39      68.4211 %
21   206 38.4      0.453499    2.31377   39      68.4211 %
21   207 38.53     0.525964    2.68349   39      68.4211 %
21   208 38.29     0.510114    2.60262   39      68.4211 %
21   209 38.96     0.0551565   0.281411  39      68.4211 %
21   210 38.76     0.362286    1.8484    39      68.4211 %
21   211 37.82     0.850192    4.33771   39      68.4211 %
21   212 38.66     0.343708    1.75361   39      68.4211 %
21   213 38.35     0.593828    3.02973   39      68.4211 %
21   214 38.51     0.451351    2.30281   39      68.4211 %
21   215 38.09     0.718448    3.66555   39      68.4211 %
21   216 38.27     0.690218    3.52152   39      68.4211 %
21   217 38.35     0.616275    3.14426   39      68.4211 %
21   218 38.14     0.817922    4.17307   39      68.4211 %
21   219 38.64     0.472376    2.41008   39      68.4211 %
21   220 38.74     0.359598    1.83468   39      68.4211 %
21   221 38.55     0.431015    2.19906   39      68.4211 %
21   222 38.42     0.542471    2.76771   39      68.4211 %
21   223 38.63     0.458312    2.33833   39      68.4211 %
21   224 38.42     0.589108    3.00565   39      68.4211 %
21   225 38.09     0.75531     3.85362   39      68.4211 %
21   226 38.46     0.52446     2.67582   39      68.4211 %
21   227 38.51     0.556115    2.83732   39      68.4211 %
21   228 38.89     0.147135    0.75069   39      68.4211 %
21   229 37.8      0.69534     3.54766   39      68.4211 %
21   230 38.1      0.636791    3.24893   39      68.4211 %
21   231 38.75     0.310685    1.58513   39      68.4211 %
21   232 38.19     0.567307    2.89442   39      68.4211 %
21   233 38.66     0.31912     1.62816   39      68.4211 %
21   234 38.44     0.551086    2.81166   39      68.4211 %
21   235 38.88     0.167798    0.856113  39      68.4211 %
21   236 38.75     0.313173    1.59782   39      68.4211 %
21   237 38.31     0.66958     3.41623   39      68.4211 %
21   238 38.43     0.572454    2.92069   39      68.4211 %
21   239 38.51     0.491676    2.50855   39      68.4211 %
21   240 38.61     0.490412    2.5021    39      68.4211 %
21   241 38.76     0.273124    1.39349   39      68.4211 %
21   242 38.6      0.446601    2.27858   39      68.4211 %
21   243 38.71     0.437201    2.23062   39      68.4211 %
21   244 38.39     0.564014    2.87762   39      68.4211 %
21   245 38.42     0.554498    2.82907   39      68.4211 %
21   246 38.63     0.497295    2.53722   39      68.4211 %
21   247 38.61     0.497482    2.53817   39      68.4211 %
21   248 38.13     0.679338    3.46601   39      68.4211 %
21   249 38.84     0.275388    1.40504   39      68.4211 %
21   250 37.76     0.961864    4.90747   39      68.4211 %
21   251 38.33     0.630394    3.21629   39      68.4211 %
21   252 38.42     0.461287    2.35351   39      68.4211 %
21   253 38.79     0.374063    1.90849   39      68.4211 %
21   254 38.79     0.341528    1.74249   39      68.4211 %
21   255 38.3      0.62324     3.1798    39      68.4211 %
21   256 38.73     0.367322    1.87409   39      68.4211 %
21   257 38.51     0.537667    2.7432    39      68.4211 %
21   258 38.8      0.334299    1.70561   39      68.4211 %
21   259 38.12     0.695497    3.54845   39      68.4211 %
21   260 38.54     0.389438    1.98693   39      68.4211 %
21   261 38.63     0.406248    2.07269   39      68.4211 %
21   262 38.89     0.141763    0.723278  39      68.4211 %
21   263 38.27     0.656211    3.34801   39      68.4211 %
21   264 38.3      0.537671    2.74322   39      68.4211 %
21   265 38.23     0.750031    3.82669   39      68.4211 %
21   266 38.45     0.472257    2.40947   39      68.4211 %
21   267 38.46     0.48606     2.4799    39      68.4211 %
21   268 38.7      0.464907    2.37197   39      68.4211 %
21   269 38.7      0.338337    1.72621   39      68.4211 %
21   270 37.98     0.744904    3.80053   39      68.4211 %
21   271 38.31     0.491044    2.50533   39      68.4211 %
21   272 38.68     0.360955    1.84161   39      68.4211 %
21   273 38.57     0.532417    2.71641   39      68.4211 %
21   274 38.27     0.633341    3.23133   39      68.4211 %
21   275 38.08     0.732136    3.73539   39      68.4211 %
21   276 38.58     0.481053    2.45435   39      68.4211 %
21   277 37.89     0.73225     3.73597   39      68.4211 %
21   278 38.3      0.621994    3.17344   39      68.4211 %
21   279 38.15     0.609946    3.11197   39      68.4211 %
21   280 38.52     0.606824    3.09604   39      68.4211 %
21   281 38.12     0.688205    3.51125   39      68.4211 %
21   282 38.92     0.0663938   0.338744  39      68.4211 %
21   283 38.05     0.745631    3.80424   39      68.4211 %
21   284 38.37     0.588762    3.00389   39      68.4211 %
21   285 37.78     0.802385    4.0938    39      68.4211 %
21   286 38.72     0.36117     1.8427    39      68.4211 %
21   287 38.1      0.768756    3.92222   39      68.4211 %
21   288 38.55     0.474715    2.42202   39      68.4211 %
21   289 38.08     0.727884    3.71369   39      68.4211 %
21   290 38.64     0.431146    2.19972   39      68.4211 %
21   291 38.07     0.731381    3.73153   39      68.4211 %
21   292 38.94     0.0997465   0.508911  39      68.4211 %
21   293 38.16     0.723091    3.68924   39      68.4211 %
21   294 38.44     0.567734    2.8966    39      68.4211 %
21   295 38.92     0.110313    0.562821  39      68.4211 %
21   296 38.31     0.559038    2.85224   39      68.4211 %
21   297 38.36     0.551227    2.81238   39      68.4211 %
21   298 38.29     0.586543    2.99257   39      68.4211 %
21   299 38.14     0.653939    3.33642   39      68.4211 %
21   300 38.71     0.32997     1.68352   39      68.4211 %
21   301 38.63     0.445431    2.27261   39      68.4211 %
21   302 38.08     0.690682    3.52389   39      68.4211 %
21   303 38.69     0.335104    1.70972   39      68.4211 %
21   304 37.7      0.924583    4.71726   39      68.4211 %
21   305 38.37     0.523894    2.67293   39      68.4211 %
21   306 38.18     0.618791    3.1571    39      68.4211 %
21   307 38.25     0.607396    3.09896   39      68.4211 %
21   308 38.14     0.6841      3.4903    39      68.4211 %
21   309 38.09     0.662824    3.38175   39      68.4211 %
21   310 38.27     0.563298    2.87397   39      68.4211 %
21   311 38.42     0.608548    3.10483   39      68.4211 %
21   312 38.86     0.167196    0.85304   39      68.4211 %
21   313 38.62     0.403493    2.05864   39      68.4211 %
21   314 38.45     0.593174    3.0264    39      68.4211 %
21   315 37.68     0.995471    5.07893   39      68.4211 %
21   316 38.01     0.766732    3.9119    39      68.4211 %
21   317 38.9      0.126133    0.643538  39      68.4211 %
21   318 38.22     0.641695    3.27396   39      68.4211 %
21   319 38.35     0.612485    3.12492   39      68.4211 %
21   320 38.57     0.338056    1.72477   39      68.4211 %
21   321 38.29     0.606065    3.09217   39      68.4211 %
21   322 38.1      0.777289    3.96576   39      68.4211 %
21   323 38.51     0.39249     2.0025    39      68.4211 %
21   324 38.4      0.542342    2.76705   39      68.4211 %
21   325 38.84     0.173349    0.884433  39      68.4211 %
21   326 38.51     0.494038    2.5206    39      68.4211 %
21   327 38.37     0.5828      2.97347   39      68.4211 %
21   328 38.63     0.369219    1.88377   39      68.4211 %
21   329 38.28     0.743392    3.79282   39      68.4211 %
21   330 38.67     0.35573     1.81495   39      68.4211 %
21   331 38.53     0.35398     1.80602   39      68.4211 %
21   332 38.26     0.709494    3.61987   39      68.4211 %
21   333 38.18     0.618164    3.1539    39      68.4211 %
21   334 38.75     0.257406    1.3133    39      68.4211 %
21   335 38.76     0.219568    1.12025   39      68.4211 %
21   336 38.41     0.549517    2.80366   39      68.4211 %
21   337 38.41     0.492149    2.51097   39      68.4211 %
21   338 38.6      0.345712    1.76383   39      68.4211 %
21   339 38.95     0.0511788   0.261116  39      68.4211 %
21   340 38.29     0.555277    2.83305   39      68.4211 %
21   341 38.79     0.283135    1.44456   39      68.4211 %
21   342 38.3      0.597168    3.04677   39      68.4211 %
21   343 38.88     0.140069    0.714638  39      68.4211 %
21   344 38.68     0.368403    1.87961   39      68.4211 %
21   345 38.19     0.627704    3.20257   39      68.4211 %
21   346 38.22     0.631946    3.22421   39      68.4211 %
21   347 38.05     0.898131    4.5823    39      68.4211 %
21   348 38.43     0.595055    3.036     39      68.4211 %
21   349 38.72     0.360094    1.83721   39      68.4211 %
21   350 38.25     0.571858    2.91764   39      68.4211 %
21   351 38.65     0.441687    2.2535    39      68.4211 %
21   352 38.79     0.28038     1.43051   39      68.4211 %
21   353 38.38     0.599295    3.05763   39      68.4211 %
21   354 38.65     0.44344     2.26245   39      68.4211 %
21   355 38.44     0.500922    2.55572   39      68.4211 %
21   356 38.55     0.339339    1.73132   39      68.4211 %
21   357 38.63     0.424922    2.16797   39      68.4211 %
21   358 37.81     0.842081    4.29633   39      68.4211 %
21   359 38.09     0.677874    3.45854   39      68.4211 %
21   360 38.61     0.412165    2.10288   39      68.4211 %
21   361 38.44     0.492327    2.51187   39      68.4211 %
21   362 38.65     0.390388    1.99178   39      68.4211 %
21   363 38.43     0.603473    3.07894   39      68.4211 %
21   364 38.68     0.44213     2.25577   39      68.4211 %
21   365 38.63     0.426745    2.17727   39      68.4211 %
21   366 38.64     0.414629    2.11546   39      68.4211 %
21   367 38.92     0.077203    0.393893  39      68.4211 %
21   368 38.3      0.658952    3.362     39      68.4211 %
21   369 38.69     0.459192    2.34282   39      68.4211 %
21   370 38.02     0.832015    4.24497   39      68.4211 %
21   371 38.81     0.29835     1.52219   39      68.4211 %
21   372 38.44     0.45972     2.34551   39      68.4211 %
21   373 38.14     0.694793    3.54486   39      68.4211 %
21   374 38.37     0.542095    2.76579   39      68.4211 %
21   375 38.86     0.150073    0.765678  39      68.4211 %
21   376 38.53     0.375265    1.91462   39      68.4211 %
21   377 38.47     0.47885     2.44311   39      68.4211 %
21   378 38.75     0.205425    1.04809   39      68.4211 %
21   379 38.79     0.264719    1.35061   39      68.4211 %
21   380 38.16     0.720403    3.67553   39      68.4211 %
21   381 38.59     0.392094    2.00048   39      68.4211 %
21   382 38.03     0.758059    3.86765   39      68.4211 %
21   383 38.58     0.511546    2.60993   39      68.4211 %
21   384 37.85     0.890756    4.54467   39      68.4211 %
21   385 38.65     0.393359    2.00693   39      68.4211 %
21   386 38.54     0.461489    2.35454   39      68.4211 %
21   387 38.49     0.489303    2.49644   39      68.4211 %
21   388 37.8      0.758338    3.86907   39      68.4211 %
21   389 38.39     0.547253    2.79211   39      68.4211 %
21   390 38.72     0.396997    2.02549   39      68.4211 %
21   391 37.89     0.840329    4.28739   39      68.4211 %
21   392 38.45     0.473077    2.41366   39      68.4211 %
21   393 38.16     0.710095    3.62293   39      68.4211 %
21   394 38.62     0.509722    2.60062   39      68.4211 %
21   395 38.48     0.494026    2.52054   39      68.4211 %
21   396 37.84     0.828622    4.22766   39      68.4211 %
21   397 38.74     0.253219    1.29193   39      68.4211 %
21   398 38.76     0.354709    1.80974   39      68.4211 %
21   399 38.5      0.543414    2.77252   39      68.4211 %
21   400 38.75     0.414494    2.11476   39      68.4211 %
