Run  RI  Mean      95% CI      SD        Best    % Correct 
24   0   14.05     0.596436    3.04304   21      36.8421 %
24   1   24.53     0.303201    1.54694   30      52.6316 %
24   2   29.93     0.119027    0.607279  30      52.6316 %
24   3   30.77     0.244225    1.24604   31      54.386  %
24   4   30.84     0.237564    1.21206   32      56.1404 %
24   5   31.88     0.112404    0.573488  32      56.1404 %
24   6   31.88     0.131496    0.670896  32      56.1404 %
24   7   31.94     0.0997465   0.508911  32      56.1404 %
24   8   32.57     0.16065     0.819645  33      57.8947 %
24   9   32.5      0.383494    1.9566    33      57.8947 %
24   10  32.65     0.339339    1.73132   33      57.8947 %
24   11  32.62     0.338658    1.72785   33      57.8947 %
24   12  33.69     0.318481    1.6249    34      59.6491 %
24   13  34.81     0.295737    1.50886   35      61.4035 %
24   14  34.86     0.160082    0.816744  35      61.4035 %
24   15  34.45     0.535411    2.73169   35      61.4035 %
24   16  34.14     0.650965    3.32125   35      61.4035 %
24   17  35.38     0.463469    2.36464   36      63.1579 %
24   18  35.75     0.283244    1.44512   36      63.1579 %
24   19  35.59     0.361186    1.84279   36      63.1579 %
24   20  35.6      0.357845    1.82574   36      63.1579 %
24   21  36.89     0.127343    0.649709  37      64.9123 %
24   22  36.38     0.537151    2.74057   37      64.9123 %
24   23  36.17     0.606552    3.09465   37      64.9123 %
24   24  36.33     0.573673    2.9269    37      64.9123 %
24   25  36.52     0.361599    1.84489   37      64.9123 %
24   26  36.64     0.323107    1.64851   37      64.9123 %
24   27  36.83     0.258429    1.31852   37      64.9123 %
24   28  36.9      0.232245    1.18492   38      66.6667 %
24   29  36.95     0.697778    3.56009   38      66.6667 %
24   30  37.41     0.485801    2.47857   38      66.6667 %
24   31  37.51     0.358382    1.82848   38      66.6667 %
24   32  37.86     0.200927    1.02514   38      66.6667 %
24   33  37.71     0.261771    1.33557   38      66.6667 %
24   34  37.74     0.384625    1.96237   38      66.6667 %
24   35  37.66     0.377086    1.92391   38      66.6667 %
24   36  37.42     0.53309     2.71985   38      66.6667 %
24   37  37.91     0.124881    0.63715   38      66.6667 %
24   38  37.46     0.597116    3.04651   38      66.6667 %
24   39  37.55     0.413556    2.10998   38      66.6667 %
24   40  37.15     0.709907    3.62197   38      66.6667 %
24   41  37.61     0.306308    1.56279   38      66.6667 %
24   42  37.35     0.570499    2.91071   38      66.6667 %
24   43  37.57     0.385265    1.96564   38      66.6667 %
24   44  37.92     0.0910414   0.464497  38      66.6667 %
24   45  37.1      0.598466    3.0534    38      66.6667 %
24   46  37.65     0.300527    1.5333    38      66.6667 %
24   47  37.69     0.302226    1.54197   38      66.6667 %
24   48  37.34     0.442429    2.25729   38      66.6667 %
24   49  37.61     0.303763    1.54981   38      66.6667 %
24   50  37.45     0.58128     2.96571   38      66.6667 %
24   51  37.47     0.406057    2.07172   38      66.6667 %
24   52  37.5      0.340623    1.73787   38      66.6667 %
24   53  37.67     0.336676    1.71773   38      66.6667 %
24   54  37.9      0.158816    0.810287  38      66.6667 %
24   55  37.79     0.189549    0.967085  38      66.6667 %
24   56  37.56     0.380262    1.94011   38      66.6667 %
24   57  37.36     0.546277    2.78713   38      66.6667 %
24   58  37.8      0.241259    1.23091   38      66.6667 %
24   59  37.5      0.469062    2.39317   38      66.6667 %
24   60  37.58     0.46464     2.37061   38      66.6667 %
24   61  37.69     0.295737    1.50886   38      66.6667 %
24   62  37.73     0.242631    1.23791   38      66.6667 %
24   63  37.7      0.310841    1.58592   38      66.6667 %
24   64  37.74     0.279445    1.42574   38      66.6667 %
24   65  37.48     0.4821      2.4597    38      66.6667 %
24   66  37.74     0.245437    1.25223   38      66.6667 %
24   67  37.63     0.403372    2.05802   38      66.6667 %
24   68  37.59     0.364395    1.85916   38      66.6667 %
24   69  37.34     0.472129    2.40882   38      66.6667 %
24   70  37.57     0.365628    1.86545   38      66.6667 %
24   71  37.61     0.371565    1.89574   38      66.6667 %
24   72  37.73     0.343295    1.75151   38      66.6667 %
24   73  37.32     0.569481    2.90552   38      66.6667 %
24   74  37.32     0.564004    2.87757   38      66.6667 %
24   75  37.6      0.349063    1.78093   38      66.6667 %
24   76  37.57     0.469686    2.39636   38      66.6667 %
24   77  37.07     0.593096    3.026     38      66.6667 %
24   78  36.95     0.776728    3.9629    38      66.6667 %
24   79  37.68     0.350039    1.78592   38      66.6667 %
24   80  37.3      0.597168    3.04677   38      66.6667 %
24   81  37.7      0.295481    1.50756   38      66.6667 %
24   82  37.41     0.530108    2.70464   38      66.6667 %
24   83  37.84     0.257926    1.31595   38      66.6667 %
24   84  37.74     0.272413    1.38986   38      66.6667 %
24   85  37.64     0.382501    1.95153   38      66.6667 %
24   86  37.94     0.0672071   0.342893  38      66.6667 %
24   87  37.48     0.451338    2.30274   38      66.6667 %
24   88  37.51     0.523775    2.67232   38      66.6667 %
24   89  37.8      0.215789    1.10096   38      66.6667 %
24   90  37.61     0.376751    1.9222    38      66.6667 %
24   91  37.45     0.516975    2.63763   38      66.6667 %
24   92  37        0.699791    3.57036   38      66.6667 %
24   93  37.2      0.753718    3.8455    38      66.6667 %
24   94  37.29     0.587865    2.99931   38      66.6667 %
24   95  37.41     0.469554    2.39568   38      66.6667 %
24   96  37.48     0.381444    1.94614   38      66.6667 %
24   97  37.43     0.562884    2.87186   38      66.6667 %
24   98  36.86     0.711351    3.62934   38      66.6667 %
24   99  37.95     0.098       0.5       38      66.6667 %
24   100 37.48     0.49324     2.51653   38      66.6667 %
24   101 36.98     0.752678    3.84019   38      66.6667 %
24   102 37.55     0.387395    1.9765    38      66.6667 %
24   103 37.47     0.40318     2.05704   38      66.6667 %
24   104 37.65     0.334734    1.70783   38      66.6667 %
24   105 37.58     0.400015    2.0409    38      66.6667 %
24   106 37.45     0.493158    2.51611   38      66.6667 %
24   107 37.35     0.422835    2.15732   38      66.6667 %
24   108 36.97     0.787681    4.01878   38      66.6667 %
24   109 37.76     0.255507    1.30361   38      66.6667 %
24   110 37.39     0.61408     3.13306   38      66.6667 %
24   111 37.4      0.393975    2.01008   38      66.6667 %
24   112 37.52     0.351809    1.79494   38      66.6667 %
24   113 37.42     0.551691    2.81475   38      66.6667 %
24   114 36.94     0.712877    3.63713   38      66.6667 %
24   115 37.85     0.195752    0.998737  38      66.6667 %
24   116 37.27     0.548641    2.79919   38      66.6667 %
24   117 37.45     0.337044    1.71961   38      66.6667 %
24   118 37.86     0.164859    0.841115  38      66.6667 %
24   119 37.74     0.273834    1.39711   38      66.6667 %
24   120 37.27     0.582267    2.97075   38      66.6667 %
24   121 37.45     0.528114    2.69446   38      66.6667 %
24   122 36.8      0.771024    3.9338    38      66.6667 %
24   123 37.87     0.175429    0.895048  38      66.6667 %
24   124 37.75     0.225247    1.14922   38      66.6667 %
24   125 37.77     0.258129    1.31698   38      66.6667 %
24   126 37.3      0.504918    2.57611   38      66.6667 %
24   127 37.78     0.240583    1.22746   38      66.6667 %
24   128 37.41     0.576399    2.94081   38      66.6667 %
24   129 37.76     0.277354    1.41507   38      66.6667 %
24   130 37.65     0.283244    1.44512   38      66.6667 %
24   131 37.33     0.589025    3.00523   38      66.6667 %
24   132 37.66     0.342577    1.74784   38      66.6667 %
24   133 37.41     0.433457    2.21152   38      66.6667 %
24   134 37.57     0.476249    2.42984   38      66.6667 %
24   135 37.49     0.423862    2.16256   38      66.6667 %
24   136 37.55     0.440807    2.24902   38      66.6667 %
24   137 37.44     0.458875    2.3412    38      66.6667 %
24   138 37.15     0.651177    3.32233   38      66.6667 %
24   139 37.69     0.368208    1.87861   38      66.6667 %
24   140 37.41     0.445814    2.27456   38      66.6667 %
24   141 37.4      0.43605     2.22475   38      66.6667 %
24   142 36.76     0.825995    4.21426   38      66.6667 %
24   143 37.36     0.514827    2.62667   38      66.6667 %
24   144 37.67     0.264367    1.34881   38      66.6667 %
24   145 37.69     0.294422    1.50215   38      66.6667 %
24   146 37.62     0.32581     1.6623    38      66.6667 %
24   147 37.78     0.227314    1.15976   38      66.6667 %
24   148 36.67     0.87479     4.46322   38      66.6667 %
24   149 37.78     0.205812    1.05006   38      66.6667 %
24   150 37.53     0.437343    2.23134   38      66.6667 %
24   151 37.29     0.634835    3.23895   38      66.6667 %
24   152 37.8      0.202811    1.03475   38      66.6667 %
24   153 37.61     0.488032    2.48996   38      66.6667 %
24   154 37.35     0.597086    3.04636   38      66.6667 %
24   155 37.67     0.428922    2.18838   38      66.6667 %
24   156 37.47     0.452175    2.30702   38      66.6667 %
24   157 37.74     0.273834    1.39711   38      66.6667 %
24   158 37.65     0.306915    1.56589   38      66.6667 %
24   159 37.82     0.160952    0.821184  38      66.6667 %
24   160 37.39     0.529962    2.70389   38      66.6667 %
24   161 37.54     0.468167    2.38861   38      66.6667 %
24   162 37.87     0.113691    0.580056  38      66.6667 %
24   163 37.44     0.412565    2.10492   38      66.6667 %
24   164 37.5      0.445296    2.27192   38      66.6667 %
24   165 37.25     0.574565    2.93146   38      66.6667 %
24   166 37.92     0.106737    0.544578  38      66.6667 %
24   167 37.73     0.252044    1.28594   38      66.6667 %
24   168 37.59     0.508437    2.59407   38      66.6667 %
24   169 37.86     0.127723    0.651649  38      66.6667 %
24   170 37.51     0.535498    2.73213   38      66.6667 %
24   171 37.51     0.417404    2.12961   38      66.6667 %
24   172 37.63     0.401444    2.04818   38      66.6667 %
24   173 37.33     0.568236    2.89916   38      66.6667 %
24   174 37.43     0.513873    2.6218    38      66.6667 %
24   175 37.34     0.622443    3.17573   38      66.6667 %
24   176 37.45     0.511694    2.61068   38      66.6667 %
24   177 37.76     0.25091     1.28015   38      66.6667 %
24   178 37.73     0.328272    1.67486   38      66.6667 %
24   179 37.43     0.474617    2.42152   38      66.6667 %
24   180 37.38     0.48073     2.4527    38      66.6667 %
24   181 37.71     0.4116      2.1       38      66.6667 %
24   182 36.66     0.885006    4.51534   38      66.6667 %
24   183 37.58     0.366608    1.87045   38      66.6667 %
24   184 37.84     0.149295    0.76171   38      66.6667 %
24   185 37.08     0.635681    3.24327   38      66.6667 %
24   186 37.38     0.599295    3.05763   38      66.6667 %
24   187 37.48     0.430209    2.19494   38      66.6667 %
24   188 37.43     0.642103    3.27604   38      66.6667 %
24   189 37.8      0.244455    1.24722   38      66.6667 %
24   190 37.7      0.344024    1.75522   38      66.6667 %
24   191 37.92     0.0820755   0.418752  38      66.6667 %
24   192 37.51     0.405139    2.06703   38      66.6667 %
24   193 37.9      0.090271    0.460566  38      66.6667 %
24   194 37.5      0.419264    2.1391    38      66.6667 %
24   195 37.44     0.483579    2.46724   38      66.6667 %
24   196 37.65     0.314409    1.60413   38      66.6667 %
24   197 37.23     0.567416    2.89498   38      66.6667 %
24   198 37.79     0.167833    0.85629   38      66.6667 %
24   199 37.61     0.411223    2.09808   38      66.6667 %
24   200 37.76     0.193249    0.985962  38      66.6667 %
24   201 37.82     0.260411    1.32863   38      66.6667 %
24   202 37.44     0.473032    2.41343   38      66.6667 %
24   203 37.55     0.382354    1.95078   38      66.6667 %
24   204 37.55     0.390388    1.99178   38      66.6667 %
24   205 37.87     0.151706    0.77401   38      66.6667 %
24   206 37.34     0.598932    3.05578   38      66.6667 %
24   207 37.74     0.270985    1.38258   38      66.6667 %
24   208 37.76     0.260023    1.32665   38      66.6667 %
24   209 37.78     0.259216    1.32253   38      66.6667 %
24   210 37.95     0.0645866   0.329524  38      66.6667 %
24   211 37.58     0.438871    2.23914   38      66.6667 %
24   212 37.49     0.421106    2.1485    38      66.6667 %
24   213 37.45     0.473077    2.41366   38      66.6667 %
24   214 37.52     0.4409      2.24949   38      66.6667 %
24   215 37.31     0.617734    3.1517    38      66.6667 %
24   216 37.9      0.113161    0.57735   38      66.6667 %
24   217 37.41     0.52125     2.65944   38      66.6667 %
24   218 37.89     0.124258    0.633971  38      66.6667 %
24   219 37.68     0.315032    1.60731   38      66.6667 %
24   220 37.23     0.545093    2.78109   38      66.6667 %
24   221 37.57     0.44769     2.28414   38      66.6667 %
24   222 37.38     0.44641     2.2776    38      66.6667 %
24   223 37.54     0.33246     1.69622   38      66.6667 %
24   224 37.52     0.459855    2.3462    38      66.6667 %
24   225 37.68     0.385894    1.96885   38      66.6667 %
24   226 37.72     0.231542    1.18134   39      68.4211 %
24   227 37.98     0.831081    4.24021   39      68.4211 %
24   228 38.55     0.42649     2.17597   39      68.4211 %
24   229 38.64     0.262104    1.33727   39      68.4211 %
24   230 38.87     0.132598    0.676518  39      68.4211 %
24   231 38.66     0.391227    1.99606   39      68.4211 %
24   232 38.73     0.303712    1.54955   39      68.4211 %
24   233 38.57     0.314261    1.60337   39      68.4211 %
24   234 38.69     0.338561    1.72735   39      68.4211 %
24   235 38.61     0.397793    2.02955   39      68.4211 %
24   236 37.66     0.856485    4.36982   39      68.4211 %
24   237 38.82     0.185587    0.946872  39      68.4211 %
24   238 38.83     0.186993    0.954045  39      68.4211 %
24   239 38.82     0.191757    0.978352  39      68.4211 %
24   240 39.11     0.819759    4.18244   40      70.1754 %
24   241 39.66     0.321542    1.64052   40      70.1754 %
24   242 39.86     0.130726    0.66697   40      70.1754 %
24   243 39.78     0.276597    1.41121   40      70.1754 %
24   244 39.49     0.403218    2.05724   40      70.1754 %
24   245 39.87     0.135492    0.691288  40      70.1754 %
24   246 39.36     0.676399    3.45101   40      70.1754 %
24   247 39.16     0.653761    3.33551   40      70.1754 %
24   248 39.95     0.098       0.5       40      70.1754 %
24   249 39.44     0.650548    3.31912   40      70.1754 %
24   250 39.74     0.247013    1.26027   40      70.1754 %
24   251 39.88     0.0893203   0.455716  40      70.1754 %
24   252 39.2      0.60907     3.1075    40      70.1754 %
24   253 39.43     0.587838    2.99917   40      70.1754 %
24   254 39.42     0.448491    2.28822   40      70.1754 %
24   255 39.19     0.684482    3.49226   40      70.1754 %
24   256 39.51     0.369051    1.88291   40      70.1754 %
24   257 39.56     0.516182    2.63358   40      70.1754 %
24   258 39.32     0.5776      2.94694   40      70.1754 %
24   259 39.61     0.397793    2.02955   40      70.1754 %
24   260 39.61     0.327136    1.66906   40      70.1754 %
24   261 39.57     0.445083    2.27083   40      70.1754 %
24   262 39.52     0.376323    1.92002   40      70.1754 %
24   263 38.97     0.715937    3.65274   40      70.1754 %
24   264 39.37     0.61708     3.14837   40      70.1754 %
24   265 39.71     0.254251    1.2972    40      70.1754 %
24   266 39.77     0.227783    1.16216   40      70.1754 %
24   267 39.35     0.536858    2.73907   40      70.1754 %
24   268 39.64     0.356237    1.81754   40      70.1754 %
24   269 39.58     0.460445    2.34921   40      70.1754 %
24   270 39.83     0.202916    1.03529   40      70.1754 %
24   271 39.48     0.468217    2.38886   40      70.1754 %
24   272 39.79     0.249631    1.27363   40      70.1754 %
24   273 39.62     0.354336    1.80784   40      70.1754 %
24   274 39.55     0.428306    2.18524   40      70.1754 %
24   275 39.51     0.45648     2.32898   40      70.1754 %
24   276 39.21     0.632998    3.22958   40      70.1754 %
24   277 39.64     0.368024    1.87767   40      70.1754 %
24   278 39.05     0.766165    3.909     40      70.1754 %
24   279 39.28     0.550917    2.8108    40      70.1754 %
24   280 39.49     0.512542    2.61501   40      70.1754 %
24   281 39.18     0.660058    3.36764   40      70.1754 %
24   282 39.18     0.58726     2.99623   40      70.1754 %
24   283 39.75     0.431915    2.20365   40      70.1754 %
24   284 39.77     0.20633     1.0527    40      70.1754 %
24   285 39.31     0.636909    3.24954   40      70.1754 %
24   286 39.25     0.619415    3.16028   40      70.1754 %
24   287 39.67     0.532271    2.71567   40      70.1754 %
24   288 39.63     0.360713    1.84037   40      70.1754 %
24   289 39.56     0.548262    2.79726   40      70.1754 %
24   290 39.59     0.527908    2.69341   40      70.1754 %
24   291 39.03     0.816705    4.16686   40      70.1754 %
24   292 39.76     0.306592    1.56425   40      70.1754 %
24   293 39.9      0.140677    0.717741  40      70.1754 %
24   294 39.39     0.488827    2.49401   40      70.1754 %
24   295 39.36     0.517084    2.63818   40      70.1754 %
24   296 39.56     0.383311    1.95567   40      70.1754 %
24   297 39.52     0.433802    2.21327   40      70.1754 %
24   298 38.6      1.03489     5.28004   40      70.1754 %
24   299 39.76     0.267381    1.36419   40      70.1754 %
24   300 39.63     0.393635    2.00834   40      70.1754 %
24   301 39.45     0.574565    2.93146   40      70.1754 %
24   302 39.39     0.487236    2.4859    40      70.1754 %
24   303 39.81     0.1944      0.991835  40      70.1754 %
24   304 39.66     0.405832    2.07057   40      70.1754 %
24   305 39.44     0.463084    2.36267   40      70.1754 %
24   306 39.65     0.279104    1.424     40      70.1754 %
24   307 39.74     0.295639    1.50836   40      70.1754 %
24   308 39.66     0.344835    1.75936   40      70.1754 %
24   309 39.65     0.356079    1.81673   40      70.1754 %
24   310 39.71     0.225109    1.14852   40      70.1754 %
24   311 39.51     0.408002    2.08164   40      70.1754 %
24   312 39.36     0.478091    2.43924   40      70.1754 %
24   313 39.62     0.437631    2.23281   40      70.1754 %
24   314 39.09     0.714114    3.64344   40      70.1754 %
24   315 39.53     0.512512    2.61486   40      70.1754 %
24   316 39.54     0.45896     2.34163   40      70.1754 %
24   317 39.63     0.353102    1.80154   40      70.1754 %
24   318 39.36     0.433838    2.21346   40      70.1754 %
24   319 39.44     0.614979    3.13765   40      70.1754 %
24   320 39.09     0.676155    3.44977   40      70.1754 %
24   321 39.93     0.0892116   0.455161  40      70.1754 %
24   322 39.61     0.397793    2.02955   40      70.1754 %
24   323 39.61     0.362044    1.84717   40      70.1754 %
24   324 39.45     0.474715    2.42202   40      70.1754 %
24   325 39.57     0.451144    2.30176   40      70.1754 %
24   326 39.58     0.437986    2.23462   40      70.1754 %
24   327 39.94     0.0611613   0.312048  40      70.1754 %
24   328 39.47     0.460677    2.35039   40      70.1754 %
24   329 39.6      0.331969    1.69372   40      70.1754 %
24   330 39.92     0.0720015   0.367355  40      70.1754 %
24   331 39.71     0.309333    1.57823   40      70.1754 %
24   332 39.27     0.645479    3.29326   40      70.1754 %
24   333 39.69     0.339705    1.73319   40      70.1754 %
24   334 39.44     0.430966    2.19881   40      70.1754 %
24   335 39.4      0.533687    2.72289   40      70.1754 %
24   336 39.77     0.21372     1.09041   40      70.1754 %
24   337 39.32     0.562626    2.87054   40      70.1754 %
24   338 39.64     0.307098    1.56683   40      70.1754 %
24   339 39.6      0.385008    1.96433   40      70.1754 %
24   340 39.26     0.527559    2.69163   40      70.1754 %
24   341 38.81     0.751499    3.83418   40      70.1754 %
24   342 39.88     0.0935638   0.477367  40      70.1754 %
24   343 38.94     0.831474    4.24221   40      70.1754 %
24   344 39.19     0.639948    3.26504   40      70.1754 %
24   345 39.4      0.598141    3.05174   40      70.1754 %
24   346 39.21     0.647543    3.30379   40      70.1754 %
24   347 39.86     0.150073    0.765678  40      70.1754 %
24   348 39.1      0.650058    3.31662   40      70.1754 %
24   349 39.18     0.536862    2.73909   40      70.1754 %
24   350 39.59     0.519759    2.65183   40      70.1754 %
24   351 39.28     0.569617    2.90621   40      70.1754 %
24   352 39.45     0.493944    2.52012   40      70.1754 %
24   353 39.54     0.416404    2.12451   40      70.1754 %
24   354 39.66     0.478659    2.44214   40      70.1754 %
24   355 39.38     0.421369    2.14984   40      70.1754 %
24   356 39.62     0.354336    1.80784   40      70.1754 %
24   357 39.28     0.626705    3.19747   40      70.1754 %
24   358 39.07     0.78264     3.99306   40      70.1754 %
24   359 39.51     0.47563     2.42668   40      70.1754 %
24   360 39.85     0.137539    0.701729  40      70.1754 %
24   361 39.78     0.250073    1.27588   40      70.1754 %
24   362 39.27     0.662098    3.37805   40      70.1754 %
24   363 39.32     0.614702    3.13623   40      70.1754 %
24   364 39.21     0.642128    3.27616   40      70.1754 %
24   365 39.76     0.316556    1.61508   40      70.1754 %
24   366 39.41     0.598851    3.05536   40      70.1754 %
24   367 39.46     0.478821    2.44297   40      70.1754 %
24   368 38.46     0.923289    4.71066   40      70.1754 %
24   369 39.85     0.148396    0.757121  40      70.1754 %
24   370 39.65     0.472257    2.40947   40      70.1754 %
24   371 39.26     0.568622    2.90113   40      70.1754 %
24   372 39.76     0.291008    1.48474   40      70.1754 %
24   373 39.33     0.549489    2.80352   40      70.1754 %
24   374 39.63     0.425835    2.17263   40      70.1754 %
24   375 39.64     0.314588    1.60504   40      70.1754 %
24   376 39.82     0.296635    1.51344   40      70.1754 %
24   377 39.58     0.353679    1.80448   40      70.1754 %
24   378 39.01     0.670623    3.42154   40      70.1754 %
24   379 39.45     0.561587    2.86524   40      70.1754 %
24   380 39.59     0.398962    2.03552   40      70.1754 %
24   381 39.79     0.266181    1.35807   40      70.1754 %
24   382 39.76     0.359058    1.83193   40      70.1754 %
24   383 39.65     0.366815    1.8715    40      70.1754 %
24   384 39.56     0.462245    2.35839   40      70.1754 %
24   385 39.68     0.306289    1.5627    40      70.1754 %
24   386 38.79     0.874453    4.4615    40      70.1754 %
24   387 39.36     0.494842    2.52471   40      70.1754 %
24   388 39.54     0.533265    2.72074   40      70.1754 %
24   389 39.48     0.549789    2.80505   40      70.1754 %
24   390 39.24     0.600162    3.06205   40      70.1754 %
24   391 39.2      0.629127    3.20983   40      70.1754 %
24   392 39.51     0.44267     2.25852   40      70.1754 %
24   393 39.19     0.67879     3.46321   40      70.1754 %
24   394 39.7      0.344024    1.75522   40      70.1754 %
24   395 39.53     0.507949    2.59158   40      70.1754 %
24   396 39.59     0.335567    1.71208   40      70.1754 %
24   397 39.61     0.333014    1.69905   40      70.1754 %
24   398 39.35     0.49        2.5       40      70.1754 %
24   399 39.56     0.549676    2.80447   40      70.1754 %
24   400 39.95     0.0703386   0.35887   40      70.1754 %
