Run  RI  Mean      95% CI      SD        Best    % Correct 
1    0   14.315    0.55395     3.99696   25      43.8596 %
1    1   25.055    0.13977     1.00849   28      49.1228 %
1    2   27.84     0.110665    0.798491  30      52.6316 %
1    3   29.605    0.197422    1.42447   31      54.386  %
1    4   30.52     0.219227    1.58181   32      56.1404 %
1    5   31.64     0.160258    1.15632   32      56.1404 %
1    6   31.675    0.284383    2.05193   34      59.6491 %
1    7   32.9      0.305037    2.20096   34      59.6491 %
1    8   33.225    0.310817    2.24266   35      61.4035 %
1    9   33.67     0.34599     2.49645   35      61.4035 %
1    10  34.025    0.361363    2.60737   35      61.4035 %
1    11  34.88     0.273879    1.97614   36      63.1579 %
1    12  35.055    0.391802    2.827     36      63.1579 %
1    13  34.875    0.42597     3.07353   36      63.1579 %
1    14  35.165    0.372241    2.68586   36      63.1579 %
1    15  35.1      0.391507    2.82487   36      63.1579 %
1    16  35.205    0.353494    2.55059   36      63.1579 %
1    17  35.145    0.394552    2.84684   36      63.1579 %
1    18  35.31     0.336165    2.42555   36      63.1579 %
1    19  34.885    0.42896     3.0951    36      63.1579 %
1    20  35.235    0.349838    2.52421   36      63.1579 %
1    21  35.41     0.303193    2.18765   36      63.1579 %
1    22  34.835    0.486447    3.5099    36      63.1579 %
1    23  35.15     0.373011    2.69142   36      63.1579 %
1    24  35.26     0.334683    2.41486   36      63.1579 %
1    25  35.175    0.364554    2.63039   36      63.1579 %
1    26  35.29     0.324238    2.3395    36      63.1579 %
1    27  35.08     0.388875    2.80588   36      63.1579 %
1    28  35.41     0.324119    2.33864   36      63.1579 %
1    29  35.435    0.296233    2.13743   36      63.1579 %
1    30  34.975    0.457121    3.2983    36      63.1579 %
1    31  35.41     0.274453    1.98028   36      63.1579 %
1    32  34.9      0.476872    3.44081   36      63.1579 %
1    33  35.31     0.362949    2.61881   36      63.1579 %
1    34  34.735    0.479391    3.45899   36      63.1579 %
1    35  35.545    0.283656    2.04669   36      63.1579 %
1    36  35.4      0.349844    2.52425   36      63.1579 %
1    37  35.33     0.365525    2.6374    36      63.1579 %
1    38  35.14     0.354514    2.55795   36      63.1579 %
1    39  35.48     0.316821    2.28599   36      63.1579 %
1    40  35.31     0.382122    2.75716   36      63.1579 %
1    41  35.165    0.41931     3.02548   36      63.1579 %
1    42  35.13     0.466913    3.36895   36      63.1579 %
1    43  35.365    0.367124    2.64894   36      63.1579 %
1    44  35.54     0.276782    1.99708   36      63.1579 %
1    45  35.535    0.296656    2.14049   36      63.1579 %
1    46  35        0.462487    3.33702   36      63.1579 %
1    47  34.965    0.487755    3.51933   36      63.1579 %
1    48  35.395    0.308466    2.2257    36      63.1579 %
1    49  35.475    0.311282    2.24602   36      63.1579 %
1    50  35.275    0.372542    2.68803   36      63.1579 %
1    51  35.445    0.33366     2.40748   36      63.1579 %
1    52  35.345    0.356295    2.5708    36      63.1579 %
1    53  35.35     0.370675    2.67456   36      63.1579 %
1    54  35.085    0.444562    3.20768   36      63.1579 %
1    55  35.325    0.40933     2.95347   36      63.1579 %
1    56  34.915    0.513475    3.70492   36      63.1579 %
1    57  35.405    0.310711    2.2419    36      63.1579 %
1    58  35.29     0.395576    2.85423   36      63.1579 %
1    59  35.315    0.35656     2.57272   36      63.1579 %
1    60  34.985    0.4727      3.41071   36      63.1579 %
1    61  35.2      0.400043    2.88646   36      63.1579 %
1    62  35.56     0.278451    2.00912   36      63.1579 %
1    63  35.125    0.429131    3.09634   36      63.1579 %
1    64  35.33     0.3594      2.59321   36      63.1579 %
1    65  35.45     0.339979    2.45308   36      63.1579 %
1    66  35.215    0.390242    2.81574   36      63.1579 %
1    67  35.265    0.372163    2.6853    36      63.1579 %
1    68  35.535    0.283683    2.04688   36      63.1579 %
1    69  35.46     0.304987    2.20059   36      63.1579 %
1    70  35.11     0.449745    3.24508   36      63.1579 %
1    71  35.23     0.400937    2.89291   36      63.1579 %
1    72  34.875    0.469105    3.38477   36      63.1579 %
1    73  35.13     0.431905    3.11635   36      63.1579 %
1    74  35.315    0.397278    2.86651   36      63.1579 %
1    75  35.185    0.477293    3.44385   36      63.1579 %
1    76  35.51     0.319561    2.30575   36      63.1579 %
1    77  35.235    0.387038    2.79263   36      63.1579 %
1    78  35.29     0.379639    2.73924   36      63.1579 %
1    79  35.27     0.377886    2.72659   36      63.1579 %
1    80  35.28     0.395715    2.85523   36      63.1579 %
1    81  35.47     0.297317    2.14525   36      63.1579 %
1    82  35.33     0.371289    2.67899   36      63.1579 %
1    83  35.485    0.320462    2.31225   36      63.1579 %
1    84  35.45     0.367011    2.64812   36      63.1579 %
1    85  35.425    0.344684    2.48703   36      63.1579 %
1    86  35.475    0.324342    2.34025   36      63.1579 %
1    87  35.255    0.407454    2.93993   36      63.1579 %
1    88  35.55     0.302735    2.18434   36      63.1579 %
1    89  35.465    0.296005    2.13579   36      63.1579 %
1    90  35.32     0.400708    2.89126   36      63.1579 %
1    91  35.19     0.450303    3.24911   36      63.1579 %
1    92  35.08     0.451581    3.25833   36      63.1579 %
1    93  35.125    0.516691    3.72812   36      63.1579 %
1    94  35.49     0.332295    2.39763   36      63.1579 %
1    95  35.26     0.381073    2.74958   36      63.1579 %
1    96  35.35     0.396347    2.85979   36      63.1579 %
1    97  35.455    0.308748    2.22773   36      63.1579 %
1    98  35.205    0.403478    2.91125   36      63.1579 %
1    99  35.465    0.296005    2.13579   36      63.1579 %
1    100 35.4      0.364173    2.62765   36      63.1579 %
1    101 35.63     0.250213    1.80538   36      63.1579 %
1    102 35.09     0.430759    3.10809   36      63.1579 %
1    103 35.37     0.367946    2.65487   36      63.1579 %
1    104 35.265    0.353816    2.55291   36      63.1579 %
1    105 35.53     0.300224    2.16623   36      63.1579 %
1    106 35.53     0.285728    2.06164   36      63.1579 %
1    107 35.15     0.432449    3.12029   36      63.1579 %
1    108 35.425    0.348859    2.51715   36      63.1579 %
1    109 35.025    0.436379    3.14864   36      63.1579 %
1    110 34.895    0.493268    3.55912   36      63.1579 %
1    111 35.36     0.362856    2.61814   36      63.1579 %
1    112 35.16     0.423129    3.05303   36      63.1579 %
1    113 35.285    0.398684    2.87666   36      63.1579 %
1    114 35.215    0.428442    3.09137   36      63.1579 %
1    115 35.32     0.369896    2.66894   36      63.1579 %
1    116 35.41     0.352918    2.54643   36      63.1579 %
1    117 35.405    0.360202    2.59899   36      63.1579 %
1    118 35.04     0.439773    3.17313   36      63.1579 %
1    119 35.38     0.3511      2.53332   36      63.1579 %
1    120 35.345    0.385694    2.78293   36      63.1579 %
1    121 35.115    0.418942    3.02282   36      63.1579 %
1    122 35.285    0.40967     2.95592   36      63.1579 %
1    123 35.25     0.377385    2.72297   36      63.1579 %
1    124 35.095    0.441473    3.18539   36      63.1579 %
1    125 35.075    0.475035    3.42755   36      63.1579 %
1    126 35.285    0.382119    2.75713   36      63.1579 %
1    127 35.03     0.472584    3.40987   36      63.1579 %
1    128 35.43     0.345544    2.49323   36      63.1579 %
1    129 35.62     0.246814    1.78086   36      63.1579 %
1    130 35.265    0.411808    2.97135   36      63.1579 %
1    131 35.285    0.418758    3.02149   36      63.1579 %
1    132 35.315    0.39849     2.87526   36      63.1579 %
1    133 35.195    0.429526    3.09919   36      63.1579 %
1    134 35.475    0.334884    2.41631   36      63.1579 %
1    135 35.35     0.357958    2.5828    36      63.1579 %
1    136 35.645    0.247727    1.78744   36      63.1579 %
1    137 35.21     0.436634    3.15048   36      63.1579 %
1    138 35.54     0.284689    2.05414   36      63.1579 %
1    139 35.535    0.340866    2.45948   36      63.1579 %
1    140 35.63     0.252134    1.81924   36      63.1579 %
1    141 35.345    0.348073    2.51148   36      63.1579 %
1    142 35.01     0.484302    3.49442   36      63.1579 %
1    143 35.23     0.401899    2.89985   36      63.1579 %
1    144 35.285    0.435481    3.14216   36      63.1579 %
1    145 35.365    0.36896     2.66218   36      63.1579 %
1    146 35.55     0.324286    2.33984   36      63.1579 %
1    147 35.485    0.318346    2.29699   36      63.1579 %
1    148 35.46     0.310631    2.24132   36      63.1579 %
1    149 35.315    0.394351    2.84539   36      63.1579 %
1    150 35.42     0.361075    2.60529   36      63.1579 %
1    151 35.32     0.362515    2.61569   36      63.1579 %
1    152 35.04     0.471343    3.40092   36      63.1579 %
1    153 35.22     0.442251    3.191     36      63.1579 %
1    154 35.635    0.273038    1.97007   36      63.1579 %
1    155 35.24     0.410814    2.96417   36      63.1579 %
1    156 35.56     0.301741    2.17718   36      63.1579 %
1    157 35.78     0.206625    1.49088   36      63.1579 %
1    158 35.2      0.452358    3.26393   36      63.1579 %
1    159 35.57     0.261604    1.88757   36      63.1579 %
1    160 34.975    0.500271    3.60964   36      63.1579 %
1    161 35.285    0.40707     2.93716   36      63.1579 %
1    162 34.98     0.484495    3.49581   36      63.1579 %
1    163 35.265    0.427901    3.08746   36      63.1579 %
1    164 35.475    0.348998    2.51815   36      63.1579 %
1    165 35.555    0.320979    2.31599   36      63.1579 %
1    166 35.635    0.261112    1.88402   36      63.1579 %
1    167 34.93     0.515114    3.71674   36      63.1579 %
1    168 35.215    0.426636    3.07834   36      63.1579 %
1    169 35.315    0.395085    2.85069   36      63.1579 %
1    170 34.94     0.443227    3.19805   36      63.1579 %
1    171 35.505    0.323466    2.33393   36      63.1579 %
1    172 35.575    0.316052    2.28043   36      63.1579 %
1    173 35.085    0.458878    3.31098   36      63.1579 %
1    174 35.08     0.471654    3.40316   36      63.1579 %
1    175 35.32     0.439756    3.173     36      63.1579 %
1    176 35.475    0.362829    2.61795   36      63.1579 %
1    177 35.255    0.385043    2.77823   36      63.1579 %
1    178 35.045    0.472868    3.41192   36      63.1579 %
1    179 35.455    0.334267    2.41186   36      63.1579 %
1    180 35.22     0.451752    3.25956   36      63.1579 %
1    181 35.395    0.357998    2.58309   36      63.1579 %
1    182 35.405    0.387567    2.79644   36      63.1579 %
1    183 35.065    0.479914    3.46276   36      63.1579 %
1    184 35.135    0.448216    3.23405   36      63.1579 %
1    185 35.535    0.374078    2.69911   36      63.1579 %
1    186 35.4      0.324063    2.33823   36      63.1579 %
1    187 35.45     0.384981    2.77778   36      63.1579 %
1    188 35.265    0.413679    2.98485   36      63.1579 %
1    189 35.275    0.442857    3.19538   36      63.1579 %
1    190 35.265    0.389152    2.80788   36      63.1579 %
1    191 35.51     0.308182    2.22365   36      63.1579 %
1    192 35.78     0.17693     1.27662   36      63.1579 %
1    193 35.59     0.288512    2.08172   36      63.1579 %
1    194 35.655    0.301728    2.17708   36      63.1579 %
1    195 35.615    0.29233     2.10927   36      63.1579 %
1    196 35.355    0.412609    2.97713   36      63.1579 %
1    197 35.36     0.390282    2.81603   36      63.1579 %
1    198 35.38     0.364322    2.62872   36      63.1579 %
1    199 35.475    0.334018    2.41007   36      63.1579 %
1    200 35.41     0.370269    2.67163   36      63.1579 %
1    201 35.285    0.44556     3.21488   36      63.1579 %
1    202 35.2      0.412867    2.97899   36      63.1579 %
1    203 34.99     0.515204    3.71739   36      63.1579 %
1    204 35.53     0.297317    2.14525   36      63.1579 %
1    205 35.27     0.410924    2.96497   36      63.1579 %
1    206 35.055    0.493816    3.56307   36      63.1579 %
1    207 35.475    0.358278    2.58511   36      63.1579 %
1    208 35.775    0.19224     1.38708   36      63.1579 %
1    209 35.365    0.406073    2.92997   36      63.1579 %
1    210 35.405    0.369984    2.66957   36      63.1579 %
1    211 35.41     0.401053    2.89375   36      63.1579 %
1    212 35.42     0.374975    2.70559   36      63.1579 %
1    213 35.345    0.367234    2.64973   36      63.1579 %
1    214 35.495    0.329673    2.37871   36      63.1579 %
1    215 35.65     0.267889    1.93292   36      63.1579 %
1    216 35.585    0.308272    2.2243    36      63.1579 %
1    217 35.285    0.41575     2.99979   36      63.1579 %
1    218 35.355    0.459324    3.3142    36      63.1579 %
1    219 35.215    0.433592    3.12853   36      63.1579 %
1    220 35.63     0.243963    1.76028   36      63.1579 %
1    221 35.48     0.314067    2.26611   36      63.1579 %
1    222 35.445    0.376859    2.71918   36      63.1579 %
1    223 35.48     0.405069    2.92272   36      63.1579 %
1    224 35.735    0.215012    1.55139   36      63.1579 %
1    225 35.45     0.332516    2.39923   36      63.1579 %
1    226 35.6      0.295392    2.13136   36      63.1579 %
1    227 35.075    0.496689    3.5838    36      63.1579 %
1    228 35.64     0.315625    2.27735   36      63.1579 %
1    229 35.355    0.441538    3.18586   36      63.1579 %
1    230 34.71     0.588425    4.24571   36      63.1579 %
1    231 35.59     0.289847    2.09136   36      63.1579 %
1    232 35.445    0.317046    2.28761   36      63.1579 %
1    233 35.06     0.463662    3.3455    36      63.1579 %
1    234 35.29     0.37297     2.69112   36      63.1579 %
1    235 35.36     0.37515     2.70685   36      63.1579 %
1    236 35.495    0.318655    2.29922   36      63.1579 %
1    237 35.18     0.502835    3.62814   36      63.1579 %
1    238 35.52     0.296358    2.13833   36      63.1579 %
1    239 35.7      0.302814    2.18492   36      63.1579 %
1    240 35.425    0.402314    2.90284   36      63.1579 %
1    241 35.265    0.43683     3.1519    36      63.1579 %
1    242 35.61     0.325486    2.34851   36      63.1579 %
1    243 35.135    0.488802    3.52689   36      63.1579 %
1    244 35.495    0.322868    2.32962   36      63.1579 %
1    245 35.18     0.425022    3.0667    36      63.1579 %
1    246 35.325    0.368111    2.65606   36      63.1579 %
1    247 35.275    0.447194    3.22668   36      63.1579 %
1    248 35.34     0.372154    2.68523   36      63.1579 %
1    249 35.22     0.432094    3.11772   36      63.1579 %
1    250 35.42     0.335006    2.41719   36      63.1579 %
1    251 35.165    0.452097    3.26205   36      63.1579 %
1    252 35.62     0.252612    1.82269   36      63.1579 %
1    253 35.6      0.269058    1.94135   36      63.1579 %
1    254 35.37     0.401803    2.89916   36      63.1579 %
1    255 35.08     0.450511    3.2506    36      63.1579 %
1    256 35.58     0.30986     2.23575   36      63.1579 %
1    257 35.38     0.46427     3.34988   36      63.1579 %
1    258 35.53     0.334299    2.41209   36      63.1579 %
1    259 35.72     0.218875    1.57926   36      63.1579 %
1    260 35.55     0.301136    2.17281   36      63.1579 %
1    261 35.075    0.47686     3.44072   36      63.1579 %
1    262 35.28     0.434989    3.13861   36      63.1579 %
1    263 35.405    0.389554    2.81078   36      63.1579 %
1    264 35.17     0.466665    3.36716   36      63.1579 %
1    265 35.33     0.429169    3.09662   36      63.1579 %
1    266 35.64     0.298331    2.15257   36      63.1579 %
1    267 35.45     0.313695    2.26343   36      63.1579 %
1    268 35.46     0.357442    2.57908   36      63.1579 %
1    269 35.22     0.463979    3.34778   36      63.1579 %
1    270 35.635    0.324711    2.34291   36      63.1579 %
1    271 35.475    0.326418    2.35523   36      63.1579 %
1    272 35.72     0.239511    1.72816   36      63.1579 %
1    273 35.425    0.383143    2.76452   36      63.1579 %
1    274 35.52     0.315294    2.27497   36      63.1579 %
1    275 35.345    0.38268     2.76118   36      63.1579 %
1    276 35.1      0.447208    3.22677   36      63.1579 %
1    277 35.52     0.359897    2.59679   36      63.1579 %
1    278 35.425    0.366403    2.64373   36      63.1579 %
1    279 35.2      0.421428    3.04076   36      63.1579 %
1    280 35.435    0.333625    2.40723   36      63.1579 %
1    281 35.435    0.520903    3.75851   36      63.1579 %
1    282 35.64     0.331146    2.38934   36      63.1579 %
1    283 35.69     0.229311    1.65457   36      63.1579 %
1    284 35.235    0.446771    3.22362   36      63.1579 %
1    285 35.415    0.389103    2.80752   36      63.1579 %
1    286 35.375    0.442965    3.19616   36      63.1579 %
1    287 35.705    0.269343    1.94341   36      63.1579 %
1    288 35.51     0.355045    2.56178   36      63.1579 %
1    289 35.345    0.381922    2.75571   36      63.1579 %
1    290 35.525    0.33315     2.4038    36      63.1579 %
1    291 35.47     0.445025    3.21102   36      63.1579 %
1    292 35.63     0.31784     2.29334   36      63.1579 %
1    293 35.41     0.400812    2.89201   36      63.1579 %
1    294 35.48     0.33776     2.43707   36      63.1579 %
1    295 35.195    0.417677    3.0137    36      63.1579 %
1    296 35.615    0.293319    2.11641   36      63.1579 %
1    297 35.445    0.37992     2.74127   36      63.1579 %
1    298 35.535    0.339731    2.45129   36      63.1579 %
1    299 35.425    0.386404    2.78805   36      63.1579 %
1    300 35.435    0.382927    2.76296   36      63.1579 %
1    301 35.845    0.151629    1.09406   36      63.1579 %
1    302 35.42     0.347452    2.507     36      63.1579 %
1    303 35.275    0.383269    2.76543   36      63.1579 %
1    304 35.765    0.246978    1.78204   36      63.1579 %
1    305 35.81     0.199606    1.44023   36      63.1579 %
1    306 35.52     0.336328    2.42674   36      63.1579 %
1    307 35.39     0.388485    2.80307   36      63.1579 %
1    308 35.405    0.379514    2.73833   36      63.1579 %
1    309 35.63     0.292868    2.11316   36      63.1579 %
1    310 35.65     0.247279    1.78421   36      63.1579 %
1    311 35.47     0.343414    2.47786   36      63.1579 %
1    312 35.45     0.321896    2.3226    36      63.1579 %
1    313 35.52     0.382519    2.76002   36      63.1579 %
1    314 35.59     0.270913    1.95474   36      63.1579 %
1    315 35.6      0.289117    2.08609   36      63.1579 %
1    316 35.445    0.373256    2.69318   36      63.1579 %
1    317 35.815    0.213931    1.5436    36      63.1579 %
1    318 35.8      0.174646    1.26013   36      63.1579 %
1    319 35.565    0.330135    2.38205   36      63.1579 %
1    320 35.09     0.468951    3.38366   36      63.1579 %
1    321 35.4      0.38404     2.77099   36      63.1579 %
1    322 35.475    0.468487    3.38031   36      63.1579 %
1    323 35.585    0.293845    2.1202    36      63.1579 %
1    324 35.41     0.376473    2.71639   36      63.1579 %
1    325 35.485    0.347346    2.50623   36      63.1579 %
1    326 35.51     0.377446    2.72341   36      63.1579 %
1    327 35.475    0.367323    2.65038   36      63.1579 %
1    328 35.27     0.48683     3.51266   36      63.1579 %
1    329 35.435    0.347512    2.50743   36      63.1579 %
1    330 35.71     0.263105    1.8984    36      63.1579 %
1    331 35.59     0.2948      2.12709   36      63.1579 %
1    332 35.375    0.405659    2.92698   36      63.1579 %
1    333 35.675    0.306281    2.20993   36      63.1579 %
1    334 35.505    0.332587    2.39974   36      63.1579 %
1    335 35.455    0.469282    3.38605   36      63.1579 %
1    336 35.48     0.394445    2.84607   36      63.1579 %
1    337 35.24     0.418265    3.01794   36      63.1579 %
1    338 35.715    0.255582    1.84412   36      63.1579 %
1    339 34.98     0.500565    3.61176   36      63.1579 %
1    340 35.065    0.502704    3.6272    36      63.1579 %
1    341 35.39     0.377906    2.72673   36      63.1579 %
1    342 35.74     0.227558    1.64191   36      63.1579 %
1    343 35.285    0.505824    3.64971   36      63.1579 %
1    344 35.485    0.384787    2.77639   36      63.1579 %
1    345 35.82     0.149489    1.07862   36      63.1579 %
1    346 35.905    0.120805    0.87165   36      63.1579 %
1    347 35.54     0.296969    2.14275   36      63.1579 %
1    348 35.545    0.316467    2.28343   36      63.1579 %
1    349 35.685    0.252619    1.82274   36      63.1579 %
1    350 35.58     0.331239    2.39001   36      63.1579 %
1    351 35.31     0.426299    3.07591   36      63.1579 %
1    352 35.6      0.296045    2.13607   36      63.1579 %
1    353 35.38     0.403541    2.9117    36      63.1579 %
1    354 35.385    0.37351     2.69501   36      63.1579 %
1    355 35.635    0.292825    2.11284   36      63.1579 %
1    356 35.46     0.355818    2.56736   36      63.1579 %
1    357 35.7      0.261415    1.88621   36      63.1579 %
1    358 35.355    0.394674    2.84772   36      63.1579 %
1    359 35.805    0.153275    1.10593   36      63.1579 %
1    360 35.585    0.320251    2.31073   36      63.1579 %
1    361 35.625    0.264877    1.91119   36      63.1579 %
1    362 35.62     0.304264    2.19538   36      63.1579 %
1    363 35.75     0.218252    1.57477   36      63.1579 %
1    364 35.5      0.324063    2.33823   36      63.1579 %
1    365 35.165    0.446512    3.22175   36      63.1579 %
1    366 35.545    0.35089     2.5318    36      63.1579 %
1    367 35.565    0.286628    2.06813   36      63.1579 %
1    368 35.275    0.455958    3.28991   36      63.1579 %
1    369 35.665    0.243157    1.75447   36      63.1579 %
1    370 35.355    0.398326    2.87407   36      63.1579 %
1    371 35.51     0.347349    2.50625   36      63.1579 %
1    372 35.555    0.33654     2.42826   36      63.1579 %
1    373 35.605    0.314969    2.27262   36      63.1579 %
1    374 35.355    0.378189    2.72877   36      63.1579 %
1    375 35.65     0.317366    2.28992   36      63.1579 %
1    376 35.345    0.402832    2.90658   36      63.1579 %
1    377 35.515    0.360437    2.60069   36      63.1579 %
1    378 35.735    0.279432    2.01621   36      63.1579 %
1    379 35.405    0.366049    2.64118   36      63.1579 %
1    380 34.92     0.550591    3.97272   36      63.1579 %
1    381 35.365    0.384838    2.77675   36      63.1579 %
1    382 35.58     0.295836    2.13457   36      63.1579 %
1    383 35.605    0.287072    2.07133   36      63.1579 %
1    384 35.845    0.14906     1.07553   36      63.1579 %
1    385 35.42     0.328606    2.37101   36      63.1579 %
1    386 35.515    0.341177    2.46172   36      63.1579 %
1    387 35.025    0.476759    3.43999   36      63.1579 %
1    388 35.315    0.395573    2.85421   36      63.1579 %
1    389 35.35     0.388475    2.803     36      63.1579 %
1    390 35.53     0.378702    2.73248   36      63.1579 %
1    391 35.495    0.378214    2.72896   36      63.1579 %
1    392 35.37     0.382859    2.76247   36      63.1579 %
1    393 35.43     0.384168    2.77192   36      63.1579 %
1    394 35.455    0.357971    2.58289   36      63.1579 %
1    395 35.445    0.356051    2.56904   36      63.1579 %
1    396 35.625    0.299429    2.16049   36      63.1579 %
1    397 35.37     0.391584    2.82542   36      63.1579 %
1    398 35.515    0.307551    2.2191    36      63.1579 %
1    399 35.56     0.303018    2.18639   36      63.1579 %
1    400 35.38     0.380647    2.74651   36      63.1579 %
