Run  RI  Mean      95% CI      SD        Best    % Correct 
3    0   14.21     0.214509    3.46091   25      43.8596 %
3    1   24.849    0.0722163   1.16514   28      49.1228 %
3    2   28.315    0.0878242   1.41696   30      52.6316 %
3    3   31.026    0.0172437   0.278211  33      57.8947 %
3    4   32.695    0.11282     1.82024   35      61.4035 %
3    5   34.968    0.0115973   0.187112  35      61.4035 %
3    6   34.847    0.119275    1.92439   36      63.1579 %
3    7   35.683    0.121336    1.95764   37      64.9123 %
3    8   36.363    0.187858    3.03091   38      66.6667 %
3    9   37.524    0.149851    2.4177    39      68.4211 %
3    10  38.444    0.102514    1.65396   39      68.4211 %
3    11  38.543    0.152732    2.46419   39      68.4211 %
3    12  38.489    0.155967    2.51639   39      68.4211 %
3    13  38.829    0.139571    2.25185   40      70.1754 %
3    14  39.67     0.118231    1.90755   41      71.9298 %
3    15  40.556    0.160164    2.58409   41      71.9298 %
3    16  40.549    0.15174     2.44818   41      71.9298 %
3    17  40.405    0.181737    2.93216   42      73.6842 %
3    18  41.459    0.106514    1.71851   42      73.6842 %
3    19  41.372    0.187185    3.02006   42      73.6842 %
3    20  41.195    0.227448    3.66967   42      73.6842 %
3    21  41.462    0.174434    2.81433   42      73.6842 %
3    22  41.376    0.191461    3.08904   42      73.6842 %
3    23  41.368    0.196064    3.16332   42      73.6842 %
3    24  41.355    0.195538    3.15483   42      73.6842 %
3    25  41.499    0.159045    2.56604   42      73.6842 %
3    26  41.075    0.240709    3.88361   42      73.6842 %
3    27  41.536    0.159247    2.5693    42      73.6842 %
3    28  41.494    0.161944    2.61281   42      73.6842 %
3    29  41.163    0.23322     3.76279   42      73.6842 %
3    30  41.363    0.205606    3.31726   42      73.6842 %
3    31  41.294    0.205871    3.32154   42      73.6842 %
3    32  41.457    0.170348    2.7484    42      73.6842 %
3    33  41.434    0.16864     2.72085   42      73.6842 %
3    34  41.184    0.228167    3.68126   42      73.6842 %
3    35  41.387    0.18714     3.01933   42      73.6842 %
3    36  41.261    0.205622    3.31751   42      73.6842 %
3    37  41.437    0.173345    2.79676   42      73.6842 %
3    38  41.187    0.219262    3.53759   42      73.6842 %
3    39  41.107    0.240183    3.87512   42      73.6842 %
3    40  41.426    0.179518    2.89636   42      73.6842 %
3    41  41.361    0.187873    3.03115   42      73.6842 %
3    42  41.373    0.200576    3.2361    42      73.6842 %
3    43  41.475    0.168979    2.72632   42      73.6842 %
3    44  41.519    0.169414    2.73333   42      73.6842 %
3    45  41.397    0.186049    3.00173   42      73.6842 %
3    46  41.242    0.212669    3.43121   42      73.6842 %
3    47  41.117    0.236469    3.81522   42      73.6842 %
3    48  41.426    0.184525    2.97714   42      73.6842 %
3    49  41.443    0.166842    2.69184   42      73.6842 %
3    50  41.389    0.1803      2.90898   42      73.6842 %
3    51  41.416    0.183401    2.959     42      73.6842 %
3    52  41.24     0.208403    3.3624    42      73.6842 %
3    53  41.271    0.205609    3.31731   42      73.6842 %
3    54  41.248    0.209619    3.382     42      73.6842 %
3    55  41.455    0.168439    2.7176    42      73.6842 %
3    56  41.168    0.221094    3.56714   42      73.6842 %
3    57  41.191    0.22285     3.59548   42      73.6842 %
3    58  41.387    0.187181    3.01999   42      73.6842 %
3    59  41.491    0.171739    2.77085   42      73.6842 %
3    60  41.322    0.197547    3.18724   42      73.6842 %
3    61  41.421    0.200229    3.23051   42      73.6842 %
3    62  41.567    0.142053    2.29189   42      73.6842 %
3    63  41.429    0.174725    2.81903   42      73.6842 %
3    64  41.196    0.229574    3.70396   42      73.6842 %
3    65  41.381    0.187516    3.02539   42      73.6842 %
3    66  41.453    0.168277    2.71499   42      73.6842 %
3    67  41.445    0.174461    2.81476   42      73.6842 %
3    68  41.33     0.193583    3.12328   42      73.6842 %
3    69  41.207    0.215994    3.48487   42      73.6842 %
3    70  41.484    0.172831    2.78846   42      73.6842 %
3    71  41.123    0.233644    3.76963   42      73.6842 %
3    72  41.451    0.175566    2.8326    42      73.6842 %
3    73  41.217    0.214545    3.46149   42      73.6842 %
3    74  41.691    0.114806    1.85228   42      73.6842 %
3    75  41.147    0.227418    3.66918   42      73.6842 %
3    76  41.557    0.153092    2.46999   42      73.6842 %
3    77  41.419    0.175805    2.83646   42      73.6842 %
3    78  41.47     0.163987    2.64577   42      73.6842 %
3    79  41.396    0.183487    2.9604    42      73.6842 %
3    80  41.335    0.193897    3.12835   42      73.6842 %
3    81  41.292    0.214302    3.45756   42      73.6842 %
3    82  41.248    0.212805    3.43341   42      73.6842 %
3    83  41.227    0.208616    3.36583   42      73.6842 %
3    84  41.388    0.21515     3.47124   43      75.4386 %
3    85  42.373    0.189353    3.05503   43      75.4386 %
3    86  42.216    0.203086    3.2766    43      75.4386 %
3    87  42.451    0.177158    2.85828   43      75.4386 %
3    88  42.341    0.198928    3.20952   43      75.4386 %
3    89  42.133    0.239427    3.86293   43      75.4386 %
3    90  42.527    0.16984     2.74022   43      75.4386 %
3    91  42.471    0.160095    2.58299   43      75.4386 %
3    92  42.574    0.15053     2.42867   43      75.4386 %
3    93  42.489    0.169892    2.74106   43      75.4386 %
3    94  42.364    0.199071    3.21182   43      75.4386 %
3    95  42.287    0.199178    3.21356   43      75.4386 %
3    96  42.46     0.186864    3.01488   43      75.4386 %
3    97  42.277    0.216689    3.49607   43      75.4386 %
3    98  42.101    0.232381    3.74925   43      75.4386 %
3    99  42.179    0.236239    3.81149   43      75.4386 %
3    100 42.421    0.176616    2.84954   43      75.4386 %
3    101 42.237    0.205752    3.31962   43      75.4386 %
3    102 42.434    0.174424    2.81417   43      75.4386 %
3    103 42.303    0.217458    3.50849   43      75.4386 %
3    104 42.134    0.235547    3.80033   43      75.4386 %
3    105 42.346    0.191859    3.09546   43      75.4386 %
3    106 42.262    0.211162    3.4069    43      75.4386 %
3    107 42.462    0.178552    2.88077   43      75.4386 %
3    108 42.393    0.186948    3.01623   43      75.4386 %
3    109 42.259    0.202123    3.26107   43      75.4386 %
3    110 42.221    0.215031    3.46932   43      75.4386 %
3    111 42.026    0.259141    4.18101   43      75.4386 %
3    112 42.322    0.200292    3.23153   43      75.4386 %
3    113 42.455    0.173986    2.80711   43      75.4386 %
3    114 42.506    0.164909    2.66065   44      77.193  %
3    115 43.241    0.225734    3.642     44      77.193  %
3    116 43.347    0.194588    3.1395    44      77.193  %
3    117 43.312    0.202927    3.27405   44      77.193  %
3    118 43.31     0.197251    3.18246   44      77.193  %
3    119 43.532    0.159057    2.56623   44      77.193  %
3    120 43.375    0.186884    3.01521   44      77.193  %
3    121 43.387    0.183362    2.95838   44      77.193  %
3    122 43.473    0.164784    2.65863   44      77.193  %
3    123 43.343    0.207135    3.34193   44      77.193  %
3    124 43.419    0.19269     3.10888   44      77.193  %
3    125 43.463    0.171478    2.76664   44      77.193  %
3    126 43.454    0.175876    2.83759   44      77.193  %
3    127 43.437    0.175856    2.83727   44      77.193  %
3    128 43.272    0.222656    3.59234   44      77.193  %
3    129 43.327    0.205352    3.31316   44      77.193  %
3    130 43.549    0.1622      2.61695   44      77.193  %
3    131 43.298    0.211797    3.41714   44      77.193  %
3    132 43.235    0.214795    3.46551   44      77.193  %
3    133 43.626    0.134982    2.17781   44      77.193  %
3    134 43.275    0.214827    3.46603   44      77.193  %
3    135 43.318    0.211866    3.41827   44      77.193  %
3    136 43.418    0.183635    2.96278   44      77.193  %
3    137 43.361    0.201081    3.24426   44      77.193  %
3    138 43.291    0.196786    3.17496   44      77.193  %
3    139 43.49     0.167729    2.70615   44      77.193  %
3    140 43.482    0.169073    2.72784   44      77.193  %
3    141 43.402    0.190007    3.06558   44      77.193  %
3    142 43.506    0.160129    2.58353   44      77.193  %
3    143 43.534    0.156889    2.53125   44      77.193  %
3    144 43.471    0.164992    2.662     44      77.193  %
3    145 43.412    0.193733    3.1257    44      77.193  %
3    146 43.439    0.186451    3.00821   44      77.193  %
3    147 43.199    0.221924    3.58053   44      77.193  %
3    148 43.608    0.131435    2.12057   44      77.193  %
3    149 43.534    0.168996    2.72659   44      77.193  %
3    150 43.349    0.209148    3.3744    44      77.193  %
3    151 43.332    0.197969    3.19405   44      77.193  %
3    152 43.398    0.188638    3.04349   44      77.193  %
3    153 43.416    0.193661    3.12453   44      77.193  %
3    154 43.283    0.211322    3.40948   44      77.193  %
3    155 43.286    0.208678    3.36683   44      77.193  %
3    156 43.353    0.208163    3.35852   44      77.193  %
3    157 43.321    0.192915    3.1125    44      77.193  %
3    158 43.138    0.233126    3.76126   44      77.193  %
3    159 43.416    0.191162    3.08423   44      77.193  %
3    160 43.252    0.213742    3.44853   44      77.193  %
3    161 43.169    0.238325    3.84516   44      77.193  %
3    162 43.337    0.19279     3.11048   44      77.193  %
3    163 43.541    0.159532    2.5739    44      77.193  %
3    164 43.368    0.185129    2.98689   44      77.193  %
3    165 43.426    0.16785     2.70811   44      77.193  %
3    166 43.923    0.150767    2.43249   45      78.9474 %
3    167 44.211    0.234076    3.7766    45      78.9474 %
3    168 44.434    0.187739    3.029     45      78.9474 %
3    169 44.377    0.198349    3.20017   45      78.9474 %
3    170 44.124    0.248825    4.01457   45      78.9474 %
3    171 44.39     0.195134    3.1483    45      78.9474 %
3    172 44.247    0.219612    3.54324   45      78.9474 %
3    173 44.295    0.214904    3.46728   45      78.9474 %
3    174 44.391    0.191757    3.09381   45      78.9474 %
3    175 44.352    0.195136    3.14833   45      78.9474 %
3    176 44.242    0.231008    3.72711   45      78.9474 %
3    177 44.457    0.173013    2.79141   45      78.9474 %
3    178 44.324    0.198544    3.20332   45      78.9474 %
3    179 44.438    0.175726    2.83517   45      78.9474 %
3    180 44.374    0.20296     3.27458   45      78.9474 %
3    181 44.339    0.19952     3.21907   45      78.9474 %
3    182 44.406    0.17886     2.88574   45      78.9474 %
3    183 44.547    0.150649    2.43058   45      78.9474 %
3    184 44.601    0.149393    2.41031   45      78.9474 %
3    185 44.313    0.197242    3.18232   45      78.9474 %
3    186 44.386    0.192526    3.10623   45      78.9474 %
3    187 44.333    0.207291    3.34444   45      78.9474 %
3    188 44.445    0.16961     2.73651   45      78.9474 %
3    189 44.209    0.222563    3.59085   45      78.9474 %
3    190 44.343    0.20386     3.2891    45      78.9474 %
3    191 44.278    0.217029    3.50157   45      78.9474 %
3    192 44.296    0.225166    3.63285   45      78.9474 %
3    193 44.439    0.178377    2.87794   45      78.9474 %
3    194 44.394    0.191863    3.09554   45      78.9474 %
3    195 44.128    0.232685    3.75416   45      78.9474 %
3    196 44.348    0.205154    3.30996   45      78.9474 %
3    197 44.399    0.190909    3.08014   45      78.9474 %
3    198 44.2      0.232655    3.75368   45      78.9474 %
3    199 44.301    0.219668    3.54414   45      78.9474 %
3    200 44.453    0.181386    2.92649   45      78.9474 %
