Run  RI  Mean      95% CI      SD        Best    % Correct 
8    0   14.358    0.213772    3.44902   25      43.8596 %
8    1   24.99     0.037408    0.603543  28      49.1228 %
8    2   27.986    0.00728578  0.117549  28      49.1228 %
8    3   27.823    0.109949    1.77393   29      50.8772 %
8    4   28.866    0.0658622   1.06263   30      52.6316 %
8    5   30.171    0.0972962   1.56978   32      56.1404 %
8    6   31.682    0.113108    1.82489   34      59.6491 %
8    7   33.996    0.00391411  0.0631505 34      59.6491 %
8    8   34.81     0.0366813   0.591819  35      61.4035 %
8    9   34.64     0.131523    2.122     36      63.1579 %
8    10  35.587    0.13367     2.15664   37      64.9123 %
8    11  36.375    0.172993    2.79109   37      64.9123 %
8    12  36.552    0.134342    2.16749   38      66.6667 %
8    13  37.307    0.120672    1.94693   38      66.6667 %
8    14  37.544    0.138247    2.23048   38      66.6667 %
8    15  37.652    0.130739    2.10935   38      66.6667 %
8    16  37.498    0.156215    2.52039   38      66.6667 %
8    17  37.342    0.179888    2.90232   38      66.6667 %
8    18  37.883    0.135454    2.18543   39      68.4211 %
8    19  38.247    0.190488    3.07334   39      68.4211 %
8    20  38.25     0.195642    3.1565    39      68.4211 %
8    21  38.536    0.1502      2.42334   39      68.4211 %
8    22  38.698    0.104224    1.68155   39      68.4211 %
8    23  38.519    0.154179    2.48753   39      68.4211 %
8    24  38.591    0.13946     2.25006   39      68.4211 %
8    25  38.535    0.143363    2.31303   39      68.4211 %
8    26  38.454    0.159527    2.57381   39      68.4211 %
8    27  38.448    0.161532    2.60616   39      68.4211 %
8    28  38.605    0.136468    2.20178   39      68.4211 %
8    29  38.435    0.17312     2.79313   39      68.4211 %
8    30  38.345    0.18805     3.034     39      68.4211 %
8    31  38.396    0.180124    2.90614   39      68.4211 %
8    32  38.329    0.176409    2.8462    39      68.4211 %
8    33  38.609    0.131986    2.12947   39      68.4211 %
8    34  38.303    0.192308    3.10271   39      68.4211 %
8    35  38.54     0.154288    2.4893    39      68.4211 %
8    36  38.313    0.193781    3.12647   39      68.4211 %
8    37  38.388    0.174224    2.81094   39      68.4211 %
8    38  38.383    0.181815    2.93341   39      68.4211 %
8    39  38.443    0.162285    2.61832   39      68.4211 %
8    40  38.553    0.147728    2.38346   39      68.4211 %
8    41  38.567    0.136334    2.19962   39      68.4211 %
8    42  38.304    0.19145     3.08887   39      68.4211 %
8    43  38.673    0.12031     1.94109   39      68.4211 %
8    44  38.362    0.167626    2.70449   39      68.4211 %
8    45  38.524    0.155121    2.50274   39      68.4211 %
8    46  38.63     0.133363    2.15168   39      68.4211 %
8    47  38.473    0.167308    2.69936   39      68.4211 %
8    48  38.395    0.172533    2.78365   39      68.4211 %
8    49  38.427    0.168012    2.71072   39      68.4211 %
8    50  38.496    0.154607    2.49444   39      68.4211 %
8    51  38.302    0.198057    3.19547   39      68.4211 %
8    52  38.431    0.167675    2.70528   39      68.4211 %
8    53  38.476    0.158869    2.5632    39      68.4211 %
8    54  38.263    0.207232    3.3435    39      68.4211 %
8    55  38.346    0.185479    2.99253   39      68.4211 %
8    56  38.514    0.155794    2.51359   39      68.4211 %
8    57  38.452    0.157852    2.5468    39      68.4211 %
8    58  38.433    0.161201    2.60082   39      68.4211 %
8    59  38.591    0.144152    2.32575   39      68.4211 %
8    60  38.44     0.172214    2.77851   39      68.4211 %
8    61  38.429    0.165153    2.66459   39      68.4211 %
8    62  38.416    0.176106    2.84131   39      68.4211 %
8    63  38.531    0.151834    2.4497    39      68.4211 %
8    64  38.469    0.169588    2.73615   39      68.4211 %
8    65  38.44     0.171655    2.76949   39      68.4211 %
8    66  38.51     0.156975    2.53265   39      68.4211 %
8    67  38.472    0.159591    2.57485   39      68.4211 %
8    68  38.622    0.124813    2.01375   39      68.4211 %
8    69  38.596    0.139447    2.24985   39      68.4211 %
8    70  38.304    0.190947    3.08076   39      68.4211 %
8    71  38.466    0.170919    2.75762   39      68.4211 %
8    72  38.485    0.162794    2.62653   39      68.4211 %
8    73  38.424    0.175135    2.82563   39      68.4211 %
8    74  38.319    0.186151    3.00337   39      68.4211 %
8    75  38.33     0.183214    2.95598   39      68.4211 %
8    76  38.55     0.139705    2.25401   39      68.4211 %
8    77  38.529    0.157602    2.54276   39      68.4211 %
8    78  38.519    0.155       2.50078   39      68.4211 %
8    79  38.387    0.177588    2.86521   39      68.4211 %
8    80  38.503    0.165607    2.67192   39      68.4211 %
8    81  38.497    0.161015    2.59783   39      68.4211 %
8    82  38.636    0.120333    1.94146   39      68.4211 %
8    83  38.274    0.204384    3.29754   39      68.4211 %
8    84  38.568    0.149953    2.41934   39      68.4211 %
8    85  38.324    0.186314    3.006     39      68.4211 %
8    86  38.559    0.141388    2.28117   39      68.4211 %
8    87  38.466    0.177865    2.86968   39      68.4211 %
8    88  38.618    0.123621    1.99451   39      68.4211 %
8    89  38.319    0.184324    2.9739    39      68.4211 %
8    90  38.282    0.203172    3.27799   40      70.1754 %
8    91  39.476    0.179656    2.89859   40      70.1754 %
8    92  39.277    0.202981    3.2749    40      70.1754 %
8    93  39.417    0.166638    2.68856   40      70.1754 %
8    94  39.587    0.136008    2.19437   40      70.1754 %
8    95  39.302    0.192184    3.10071   40      70.1754 %
8    96  39.298    0.191928    3.09658   40      70.1754 %
8    97  39.329    0.196066    3.16335   40      70.1754 %
8    98  39.457    0.17359     2.80071   40      70.1754 %
8    99  39.366    0.189983    3.0652    40      70.1754 %
8    100 39.241    0.19864     3.20487   40      70.1754 %
8    101 39.579    0.146297    2.36037   40      70.1754 %
8    102 39.427    0.169357    2.73242   40      70.1754 %
8    103 39.457    0.159168    2.56802   40      70.1754 %
8    104 39.435    0.175722    2.8351    40      70.1754 %
8    105 39.575    0.144613    2.3332    40      70.1754 %
8    106 39.618    0.139878    2.25681   40      70.1754 %
8    107 39.531    0.155562    2.50985   40      70.1754 %
8    108 39.466    0.169132    2.72879   40      70.1754 %
8    109 39.422    0.180345    2.9097    40      70.1754 %
8    110 39.467    0.152313    2.45743   40      70.1754 %
8    111 39.413    0.174499    2.81538   40      70.1754 %
8    112 39.409    0.172362    2.78091   40      70.1754 %
8    113 39.217    0.212021    3.42076   40      70.1754 %
8    114 39.44     0.164072    2.64715   40      70.1754 %
8    115 39.273    0.210497    3.39618   40      70.1754 %
8    116 39.393    0.178789    2.88459   40      70.1754 %
8    117 39.167    0.219043    3.53406   40      70.1754 %
8    118 39.303    0.198333    3.19991   40      70.1754 %
8    119 39.543    0.153711    2.47998   40      70.1754 %
8    120 39.452    0.173474    2.79884   40      70.1754 %
8    121 39.344    0.178736    2.88374   40      70.1754 %
8    122 39.537    0.149558    2.41298   40      70.1754 %
8    123 39.467    0.161836    2.61108   40      70.1754 %
8    124 39.523    0.149491    2.41191   40      70.1754 %
8    125 39.199    0.205739    3.3194    40      70.1754 %
8    126 39.45     0.167173    2.69718   40      70.1754 %
8    127 39.496    0.159696    2.57655   40      70.1754 %
8    128 39.476    0.17052     2.75118   40      70.1754 %
8    129 39.418    0.166479    2.68598   40      70.1754 %
8    130 39.429    0.173997    2.80728   40      70.1754 %
8    131 39.236    0.211716    3.41584   40      70.1754 %
8    132 39.422    0.178287    2.87649   40      70.1754 %
8    133 39.313    0.197047    3.17917   40      70.1754 %
8    134 39.43     0.170944    2.75803   40      70.1754 %
8    135 39.617    0.122405    1.9749    40      70.1754 %
8    136 39.428    0.177929    2.87072   40      70.1754 %
8    137 39.089    0.231803    3.73993   40      70.1754 %
8    138 39.327    0.189091    3.0508    40      70.1754 %
8    139 39.33     0.195618    3.15611   40      70.1754 %
8    140 39.55     0.153151    2.47095   40      70.1754 %
8    141 39.502    0.156731    2.52871   40      70.1754 %
8    142 39.488    0.172297    2.77985   40      70.1754 %
8    143 39.446    0.166407    2.68483   40      70.1754 %
8    144 39.551    0.153426    2.47538   40      70.1754 %
8    145 39.417    0.171034    2.75948   40      70.1754 %
8    146 39.506    0.167109    2.69615   40      70.1754 %
8    147 39.379    0.177437    2.86279   40      70.1754 %
8    148 39.526    0.15865     2.55966   40      70.1754 %
8    149 39.607    0.131086    2.11495   40      70.1754 %
8    150 39.245    0.20095     3.24214   40      70.1754 %
8    151 39.418    0.169273    2.73107   40      70.1754 %
8    152 39.324    0.198486    3.20239   40      70.1754 %
8    153 39.434    0.163946    2.64512   40      70.1754 %
8    154 39.45     0.170431    2.74974   41      71.9298 %
8    155 40.198    0.0820524   1.32384   41      71.9298 %
8    156 40.549    0.150697    2.43136   41      71.9298 %
8    157 40.514    0.149804    2.41695   41      71.9298 %
8    158 40.494    0.171381    2.76507   41      71.9298 %
8    159 40.552    0.148948    2.40314   41      71.9298 %
8    160 40.407    0.181105    2.92197   41      71.9298 %
8    161 40.45     0.171308    2.7639    41      71.9298 %
8    162 40.299    0.20658     3.33297   41      71.9298 %
8    163 40.524    0.158287    2.55381   41      71.9298 %
8    164 40.529    0.162621    2.62375   41      71.9298 %
8    165 40.425    0.18287     2.95044   41      71.9298 %
8    166 40.608    0.135554    2.18703   41      71.9298 %
8    167 40.461    0.167299    2.69922   41      71.9298 %
8    168 40.656    0.129983    2.09716   41      71.9298 %
8    169 40.497    0.170819    2.75601   41      71.9298 %
8    170 40.496    0.165421    2.66891   42      73.6842 %
8    171 41.244    0.226834    3.65976   42      73.6842 %
8    172 41.527    0.146527    2.36408   42      73.6842 %
8    173 41.343    0.19038     3.07161   42      73.6842 %
8    174 41.25     0.21581     3.4819    42      73.6842 %
8    175 41.46     0.179431    2.89496   42      73.6842 %
8    176 41.246    0.209187    3.37504   42      73.6842 %
8    177 41.282    0.200888    3.24114   42      73.6842 %
8    178 41.265    0.209529    3.38056   42      73.6842 %
8    179 41.521    0.160723    2.59312   42      73.6842 %
8    180 41.502    0.158342    2.55471   42      73.6842 %
8    181 41.278    0.21017     3.3909    42      73.6842 %
8    182 41.38     0.186423    3.00776   42      73.6842 %
8    183 41.509    0.158171    2.55195   42      73.6842 %
8    184 41.32     0.202747    3.27113   42      73.6842 %
8    185 41.383    0.188808    3.04624   42      73.6842 %
8    186 41.278    0.206068    3.32472   42      73.6842 %
8    187 41.497    0.176706    2.85099   42      73.6842 %
8    188 41.522    0.152875    2.4665    42      73.6842 %
8    189 41.58     0.14181     2.28798   42      73.6842 %
8    190 41.515    0.16168     2.60856   42      73.6842 %
8    191 41.225    0.22042     3.55627   42      73.6842 %
8    192 41.309    0.1902      3.0687    42      73.6842 %
8    193 41.371    0.191869    3.09563   42      73.6842 %
8    194 41.606    0.135247    2.18209   42      73.6842 %
8    195 41.412    0.179516    2.89632   42      73.6842 %
8    196 41.332    0.196135    3.16446   42      73.6842 %
8    197 41.41     0.175394    2.82982   42      73.6842 %
8    198 41.462    0.16897     2.72617   42      73.6842 %
8    199 41.411    0.181558    2.92928   42      73.6842 %
8    200 41.318    0.198174    3.19736   42      73.6842 %
