Run  RI  Mean      95% CI      SD        Best    % Correct 
25   0   14.118    0.293273    3.34581   26      45.614  %
25   1   25.986    0.0335035   0.382225  28      49.1228 %
25   2   27.914    0.12589     1.43622   30      52.6316 %
25   3   29.596    0.174885    1.99518   31      54.386  %
25   4   30.638    0.166454    1.89899   31      54.386  %
25   5   31.79     0.0847922   0.967353  32      56.1404 %
25   6   32.572    0.0933868   1.0654    33      57.8947 %
25   7   32.606    0.192288    2.19372   33      57.8947 %
25   8   32.544    0.19359     2.20858   33      57.8947 %
25   9   32.566    0.170897    1.94968   33      57.8947 %
25   10  32.634    0.163681    1.86736   34      59.6491 %
25   11  33.608    0.164579    1.8776    34      59.6491 %
25   12  33.436    0.21872     2.49527   34      59.6491 %
25   13  33.462    0.203601    2.32279   34      59.6491 %
25   14  33.52     0.190009    2.16772   34      59.6491 %
25   15  33.49     0.184589    2.10589   34      59.6491 %
25   16  33.634    0.17167     1.9585    34      59.6491 %
25   17  33.474    0.204973    2.33843   34      59.6491 %
25   18  33.586    0.192604    2.19733   35      61.4035 %
25   19  34.588    0.183928    2.09835   35      61.4035 %
25   20  34.416    0.232324    2.65047   35      61.4035 %
25   21  34.332    0.254689    2.90563   35      61.4035 %
25   22  34.482    0.219559    2.50484   35      61.4035 %
25   23  34.5      0.203477    2.32137   35      61.4035 %
25   24  34.42     0.240668    2.74567   35      61.4035 %
25   25  34.51     0.197874    2.25745   35      61.4035 %
25   26  34.546    0.210943    2.40655   36      63.1579 %
25   27  35.492    0.153233    1.74816   36      63.1579 %
25   28  35.316    0.245554    2.8014    36      63.1579 %
25   29  35.412    0.231915    2.6458    36      63.1579 %
25   30  35.352    0.2401      2.73918   36      63.1579 %
25   31  35.376    0.252395    2.87945   36      63.1579 %
25   32  35.432    0.218076    2.48792   36      63.1579 %
25   33  35.578    0.170407    1.94409   36      63.1579 %
25   34  35.598    0.161034    1.83716   36      63.1579 %
25   35  35.512    0.213013    2.43016   36      63.1579 %
25   36  35.274    0.265481    3.02874   36      63.1579 %
25   37  35.394    0.222918    2.54317   36      63.1579 %
25   38  35.62     0.167207    1.90758   36      63.1579 %
25   39  35.49     0.219142    2.50008   36      63.1579 %
25   40  35.704    0.145566    1.66069   36      63.1579 %
25   41  35.63     0.163988    1.87086   36      63.1579 %
25   42  35.642    0.166335    1.89764   36      63.1579 %
25   43  35.456    0.220441    2.5149    36      63.1579 %
25   44  35.53     0.180439    2.05854   36      63.1579 %
25   45  35.312    0.266577    3.04124   36      63.1579 %
25   46  35.392    0.238592    2.72198   36      63.1579 %
25   47  35.614    0.180181    2.05559   36      63.1579 %
25   48  35.53     0.188044    2.1453    36      63.1579 %
25   49  35.262    0.270799    3.08941   36      63.1579 %
25   50  35.3      0.238457    2.72044   36      63.1579 %
25   51  35.69     0.147602    1.68392   36      63.1579 %
25   52  35.316    0.24106     2.75014   36      63.1579 %
25   53  35.48     0.209363    2.38852   36      63.1579 %
25   54  35.564    0.180456    2.05873   36      63.1579 %
25   55  35.746    0.13148     1.49999   36      63.1579 %
25   56  35.424    0.216994    2.47558   36      63.1579 %
25   57  35.372    0.229233    2.6152    36      63.1579 %
25   58  35.444    0.236266    2.69544   36      63.1579 %
25   59  35.506    0.204383    2.3317    36      63.1579 %
25   60  35.568    0.174898    1.99533   36      63.1579 %
25   61  35.506    0.209001    2.38439   36      63.1579 %
25   62  35.406    0.236238    2.69512   36      63.1579 %
25   63  35.388    0.224548    2.56175   37      64.9123 %
25   64  36.598    0.201317    2.29673   37      64.9123 %
25   65  36.478    0.222897    2.54292   37      64.9123 %
25   66  36.498    0.2112      2.40948   37      64.9123 %
25   67  36.344    0.245452    2.80024   37      64.9123 %
25   68  36.54     0.202233    2.30717   37      64.9123 %
25   69  36.4      0.240675    2.74574   37      64.9123 %
25   70  36.41     0.231975    2.64649   37      64.9123 %
25   71  36.364    0.236472    2.69779   37      64.9123 %
25   72  36.488    0.200502    2.28743   37      64.9123 %
25   73  36.586    0.183517    2.09365   37      64.9123 %
25   74  36.31     0.262315    2.99263   37      64.9123 %
25   75  36.39     0.223868    2.55401   37      64.9123 %
25   76  36.482    0.216451    2.46939   37      64.9123 %
25   77  36.35     0.251369    2.86774   37      64.9123 %
25   78  36.642    0.153732    1.75385   37      64.9123 %
25   79  36.66     0.165746    1.89091   37      64.9123 %
25   80  36.478    0.22537     2.57114   37      64.9123 %
25   81  36.55     0.191178    2.18106   37      64.9123 %
25   82  36.658    0.154511    1.76274   37      64.9123 %
25   83  36.432    0.229832    2.62205   37      64.9123 %
25   84  36.472    0.221158    2.52308   37      64.9123 %
25   85  36.422    0.21642     2.46903   37      64.9123 %
25   86  36.538    0.202464    2.30981   37      64.9123 %
25   87  36.584    0.180819    2.06288   37      64.9123 %
25   88  36.334    0.254034    2.89814   37      64.9123 %
25   89  36.656    0.162587    1.85487   37      64.9123 %
25   90  36.68     0.155914    1.77874   37      64.9123 %
25   91  36.35     0.244853    2.7934    37      64.9123 %
25   92  36.202    0.2692      3.07117   37      64.9123 %
25   93  36.452    0.213479    2.43548   37      64.9123 %
25   94  36.632    0.193521    2.20779   37      64.9123 %
25   95  36.518    0.205953    2.34962   37      64.9123 %
25   96  36.654    0.167545    1.91144   37      64.9123 %
25   97  36.366    0.236936    2.70308   37      64.9123 %
25   98  36.582    0.189149    2.15791   37      64.9123 %
25   99  36.698    0.142423    1.62483   37      64.9123 %
25   100 36.458    0.214065    2.44216   37      64.9123 %
25   101 36.33     0.246195    2.80871   37      64.9123 %
25   102 36.508    0.186168    2.1239    37      64.9123 %
25   103 36.438    0.227353    2.59376   37      64.9123 %
25   104 36.432    0.21864     2.49436   37      64.9123 %
25   105 36.438    0.231248    2.6382    37      64.9123 %
25   106 36.532    0.198866    2.26876   37      64.9123 %
25   107 36.57     0.19113     2.18051   37      64.9123 %
25   108 36.5      0.232507    2.65256   37      64.9123 %
25   109 36.746    0.128878    1.47031   37      64.9123 %
25   110 36.35     0.242705    2.7689    37      64.9123 %
25   111 36.772    0.134563    1.53516   37      64.9123 %
25   112 36.374    0.241284    2.75269   37      64.9123 %
25   113 36.426    0.24581     2.80433   37      64.9123 %
25   114 36.394    0.230124    2.62537   37      64.9123 %
25   115 36.416    0.229591    2.61929   37      64.9123 %
25   116 36.538    0.199476    2.27572   37      64.9123 %
25   117 36.65     0.164138    1.87257   37      64.9123 %
25   118 36.456    0.225618    2.57397   37      64.9123 %
25   119 36.594    0.169256    1.93096   37      64.9123 %
25   120 36.322    0.242178    2.76289   37      64.9123 %
25   121 36.356    0.251396    2.86805   37      64.9123 %
25   122 36.454    0.215493    2.45845   37      64.9123 %
25   123 36.414    0.226275    2.58146   37      64.9123 %
25   124 36.396    0.238218    2.71771   37      64.9123 %
25   125 36.448    0.22683     2.5878    37      64.9123 %
25   126 36.31     0.255897    2.91941   37      64.9123 %
25   127 36.188    0.286751    3.2714    37      64.9123 %
25   128 36.43     0.231962    2.64634   37      64.9123 %
25   129 36.66     0.153093    1.74657   37      64.9123 %
25   130 36.614    0.18281     2.08559   37      64.9123 %
25   131 36.504    0.214168    2.44334   37      64.9123 %
25   132 36.252    0.274008    3.12603   37      64.9123 %
25   133 36.596    0.166773    1.90264   37      64.9123 %
25   134 36.468    0.21415     2.44314   37      64.9123 %
25   135 36.692    0.145903    1.66454   37      64.9123 %
25   136 36.624    0.16242     1.85297   37      64.9123 %
25   137 36.642    0.155128    1.76977   37      64.9123 %
25   138 36.63     0.165762    1.8911    37      64.9123 %
25   139 36.558    0.190273    2.17073   37      64.9123 %
25   140 36.508    0.204834    2.33685   37      64.9123 %
25   141 36.53     0.193452    2.207     37      64.9123 %
25   142 36.388    0.239158    2.72843   37      64.9123 %
25   143 36.81     0.163348    1.86356   38      66.6667 %
25   144 37.538    0.199321    2.27396   38      66.6667 %
25   145 37.264    0.282063    3.21792   38      66.6667 %
25   146 37.442    0.218098    2.48818   38      66.6667 %
25   147 37.43     0.215228    2.45543   38      66.6667 %
25   148 37.278    0.28761     3.2812    38      66.6667 %
25   149 37.38     0.249217    2.8432    38      66.6667 %
25   150 37.51     0.227823    2.59912   38      66.6667 %
25   151 37.384    0.259818    2.96414   38      66.6667 %
25   152 37.442    0.2411      2.75059   38      66.6667 %
25   153 37.138    0.293993    3.35402   38      66.6667 %
25   154 37.65     0.166096    1.89491   38      66.6667 %
25   155 37.168    0.301859    3.44376   38      66.6667 %
25   156 37.598    0.19208     2.19135   38      66.6667 %
25   157 37.514    0.213877    2.44002   38      66.6667 %
25   158 37.448    0.225059    2.56758   38      66.6667 %
25   159 37.022    0.335507    3.82764   38      66.6667 %
25   160 37.36     0.237558    2.71018   38      66.6667 %
25   161 37.38     0.246046    2.80702   38      66.6667 %
25   162 37.176    0.308185    3.51593   38      66.6667 %
25   163 37.248    0.282775    3.22604   38      66.6667 %
25   164 37.582    0.212749    2.42715   38      66.6667 %
25   165 37.294    0.255621    2.91626   38      66.6667 %
25   166 37.408    0.226529    2.58436   38      66.6667 %
25   167 37.398    0.248784    2.83826   38      66.6667 %
25   168 37.376    0.254883    2.90784   38      66.6667 %
25   169 37.18     0.291952    3.33073   38      66.6667 %
25   170 37.234    0.277564    3.16659   38      66.6667 %
25   171 37.366    0.259158    2.95661   38      66.6667 %
25   172 37.394    0.236264    2.69542   38      66.6667 %
25   173 37.496    0.230445    2.62903   38      66.6667 %
25   174 37.448    0.211078    2.40809   38      66.6667 %
25   175 37.594    0.186235    2.12466   38      66.6667 %
25   176 37.51     0.226467    2.58365   38      66.6667 %
25   177 37.664    0.164597    1.87781   38      66.6667 %
25   178 37.366    0.253694    2.89427   38      66.6667 %
25   179 37.306    0.270728    3.0886    38      66.6667 %
25   180 37.436    0.220053    2.51048   38      66.6667 %
25   181 37.482    0.211922    2.41772   38      66.6667 %
25   182 37.02     0.329745    3.7619    38      66.6667 %
25   183 37.41     0.259245    2.9576    38      66.6667 %
25   184 37.014    0.321017    3.66233   38      66.6667 %
25   185 37.346    0.233239    2.66091   38      66.6667 %
25   186 37.548    0.205617    2.34578   38      66.6667 %
25   187 37.53     0.184906    2.1095    38      66.6667 %
25   188 37.476    0.223516    2.54999   38      66.6667 %
25   189 37.47     0.225431    2.57183   38      66.6667 %
25   190 37.53     0.211839    2.41677   38      66.6667 %
25   191 37.492    0.199425    2.27515   38      66.6667 %
25   192 37.57     0.196296    2.23945   38      66.6667 %
25   193 38.398    0.151354    1.72672   39      68.4211 %
25   194 38.146    0.295895    3.37572   39      68.4211 %
25   195 38.446    0.217186    2.47777   39      68.4211 %
25   196 38.62     0.172108    1.96349   39      68.4211 %
25   197 38.426    0.245371    2.79932   39      68.4211 %
25   198 38.238    0.265806    3.03245   39      68.4211 %
25   199 38.408    0.246452    2.81164   39      68.4211 %
25   200 38.536    0.193683    2.20963   39      68.4211 %
