Run  RI  Mean      95% CI      SD        Best    % Correct 
7    0   14.175    0.463828    3.3467    22      38.5965 %
7    1   22.99     0.0138244   0.0997484 23      40.3509 %
7    2   22.63     0.255179    1.84121   23      40.3509 %
7    3   22.7      0.182748    1.3186    23      40.3509 %
7    4   22.595    0.264388    1.90766   23      40.3509 %
7    5   22.77     0.205007    1.4792    24      42.1053 %
7    6   24.01     0.0735074   0.530383  25      43.8596 %
7    7   24.835    0.120148    0.86691   25      43.8596 %
7    8   24.9      0.167307    1.20718   26      45.614  %
7    9   25.565    0.254143    1.83374   27      47.3684 %
7    10  26.795    0.181847    1.31209   27      47.3684 %
7    11  26.86     0.231677    1.67164   29      50.8772 %
7    12  28.64     0.19992     1.4425    29      50.8772 %
7    13  28.73     0.184174    1.32888   29      50.8772 %
7    14  28.8      0.166149    1.19883   30      52.6316 %
7    15  29.575    0.267416    1.92951   30      52.6316 %
7    16  29.74     0.213101    1.5376    30      52.6316 %
7    17  30.455    0.130188    0.939355  31      54.386  %
7    18  30.485    0.285075    2.05692   31      54.386  %
7    19  30.55     0.28364     2.04657   32      56.1404 %
7    20  31.6      0.269416    1.94394   33      57.8947 %
7    21  32.325    0.394439    2.84603   33      57.8947 %
7    22  32.42     0.364003    2.62642   33      57.8947 %
7    23  32.74     0.209446    1.51123   33      57.8947 %
7    24  32.535    0.327581    2.36362   33      57.8947 %
7    25  32.635    0.247446    1.78542   33      57.8947 %
7    26  32.75     0.213784    1.54253   33      57.8947 %
7    27  32.405    0.326466    2.35557   33      57.8947 %
7    28  32.52     0.305341    2.20315   33      57.8947 %
7    29  32.46     0.321323    2.31846   33      57.8947 %
7    30  32.495    0.292105    2.10765   33      57.8947 %
7    31  32.46     0.336294    2.42649   33      57.8947 %
7    32  32.575    0.270288    1.95023   33      57.8947 %
7    33  32.58     0.267027    1.9267    33      57.8947 %
7    34  32.745    0.18744     1.35245   33      57.8947 %
7    35  32.545    0.27361     1.9742    33      57.8947 %
7    36  32.685    0.222122    1.60269   33      57.8947 %
7    37  32.55     0.338557    2.44281   33      57.8947 %
7    38  32.335    0.420804    3.03626   33      57.8947 %
7    39  33.705    0.268266    1.93564   34      59.6491 %
7    40  33.59     0.31167     2.24882   34      59.6491 %
7    41  33.145    0.486966    3.51365   34      59.6491 %
7    42  33.59     0.313523    2.26219   34      59.6491 %
7    43  33.595    0.271592    1.95964   34      59.6491 %
7    44  33.035    0.489335    3.53074   34      59.6491 %
7    45  33.41     0.412209    2.97424   34      59.6491 %
7    46  33.36     0.416368    3.00425   34      59.6491 %
7    47  34.27     0.206415    1.48936   35      61.4035 %
7    48  34.07     0.500671    3.61253   35      61.4035 %
7    49  34.605    0.334295    2.41207   35      61.4035 %
7    50  34.675    0.199871    1.44214   35      61.4035 %
7    51  34.055    0.509592    3.6769    35      61.4035 %
7    52  34.515    0.345953    2.49618   35      61.4035 %
7    53  34.505    0.401488    2.89688   35      61.4035 %
7    54  34.435    0.322743    2.32871   35      61.4035 %
7    55  34.205    0.455187    3.28434   35      61.4035 %
7    56  34.41     0.421929    3.04438   35      61.4035 %
7    57  34.11     0.492954    3.55685   35      61.4035 %
7    58  34.26     0.428974    3.09521   35      61.4035 %
7    59  34.665    0.282114    2.03556   35      61.4035 %
7    60  34.485    0.348732    2.51623   35      61.4035 %
7    61  34.775    0.157462    1.13615   35      61.4035 %
7    62  34.265    0.457762    3.30293   35      61.4035 %
7    63  34.79     0.204479    1.47539   35      61.4035 %
7    64  34.53     0.32641     2.35517   35      61.4035 %
7    65  34.325    0.404825    2.92096   35      61.4035 %
7    66  34.42     0.345222    2.49091   35      61.4035 %
7    67  34.195    0.438203    3.1618    35      61.4035 %
7    68  34.515    0.325838    2.35104   35      61.4035 %
7    69  34.865    0.15822     1.14162   35      61.4035 %
7    70  34.52     0.362036    2.61222   35      61.4035 %
7    71  34.24     0.448983    3.23958   35      61.4035 %
7    72  34.575    0.29324     2.11584   35      61.4035 %
7    73  34.365    0.419172    3.02449   35      61.4035 %
7    74  34.5      0.359639    2.59493   35      61.4035 %
7    75  34.37     0.372638    2.68873   35      61.4035 %
7    76  34.62     0.265649    1.91676   35      61.4035 %
7    77  34.585    0.295483    2.13202   35      61.4035 %
7    78  34.595    0.312878    2.25753   35      61.4035 %
7    79  34.51     0.297667    2.14778   35      61.4035 %
7    80  34.225    0.43171     3.11495   35      61.4035 %
7    81  34.34     0.382892    2.76271   35      61.4035 %
7    82  34.78     0.182304    1.31539   35      61.4035 %
7    83  34.28     0.404162    2.91618   35      61.4035 %
7    84  34.39     0.404313    2.91727   35      61.4035 %
7    85  34.69     0.26119     1.88458   35      61.4035 %
7    86  34.685    0.234385    1.69118   35      61.4035 %
7    87  34.72     0.216212    1.56005   35      61.4035 %
7    88  34.445    0.347546    2.50767   35      61.4035 %
7    89  34.485    0.346511    2.50021   35      61.4035 %
7    90  34.57     0.301059    2.17226   35      61.4035 %
7    91  34.57     0.320923    2.31558   35      61.4035 %
7    92  34.585    0.356479    2.57213   35      61.4035 %
7    93  34.255    0.473011    3.41295   35      61.4035 %
7    94  34.32     0.451239    3.25586   35      61.4035 %
7    95  34.71     0.263471    1.90104   35      61.4035 %
7    96  34.24     0.436115    3.14673   35      61.4035 %
7    97  34.265    0.428802    3.09397   35      61.4035 %
7    98  34.275    0.447194    3.22668   35      61.4035 %
7    99  34.695    0.239928    1.73117   35      61.4035 %
7    100 34.225    0.444054    3.20401   35      61.4035 %
7    101 34.865    0.110872    0.799984  35      61.4035 %
7    102 34.595    0.285116    2.05722   35      61.4035 %
7    103 34.39     0.411881    2.97188   35      61.4035 %
7    104 34.725    0.214319    1.54639   35      61.4035 %
7    105 34.615    0.272507    1.96624   35      61.4035 %
7    106 34.545    0.306866    2.21416   35      61.4035 %
7    107 34.48     0.324646    2.34244   35      61.4035 %
7    108 34.38     0.404735    2.92032   35      61.4035 %
7    109 34.45     0.331935    2.39503   35      61.4035 %
7    110 34.32     0.406923    2.9361    35      61.4035 %
7    111 34.335    0.397448    2.86773   35      61.4035 %
7    112 34.315    0.443214    3.19795   35      61.4035 %
7    113 34.075    0.522635    3.771     35      61.4035 %
7    114 34.345    0.416497    3.00518   35      61.4035 %
7    115 34.505    0.353412    2.55      35      61.4035 %
7    116 34.525    0.33228     2.39752   35      61.4035 %
7    117 34.455    0.349788    2.52385   35      61.4035 %
7    118 34.645    0.318322    2.29681   35      61.4035 %
7    119 34.445    0.32128     2.31816   35      61.4035 %
7    120 34.605    0.298285    2.15224   35      61.4035 %
7    121 34.7      0.220999    1.59459   35      61.4035 %
7    122 34.405    0.384567    2.77479   35      61.4035 %
7    123 34.31     0.400619    2.89062   35      61.4035 %
7    124 34.28     0.407255    2.9385    35      61.4035 %
7    125 34.585    0.257051    1.85472   35      61.4035 %
7    126 34.1      0.484503    3.49587   35      61.4035 %
7    127 34.745    0.203726    1.46996   35      61.4035 %
7    128 34.42     0.356772    2.57424   35      61.4035 %
7    129 34.465    0.368095    2.65595   35      61.4035 %
7    130 34.23     0.464509    3.35161   35      61.4035 %
7    131 34.725    0.221843    1.60068   35      61.4035 %
7    132 34.13     0.485361    3.50206   35      61.4035 %
7    133 34.53     0.340875    2.45954   35      61.4035 %
7    134 34.34     0.389887    2.81318   35      61.4035 %
7    135 34.655    0.333341    2.40518   35      61.4035 %
7    136 34.61     0.345622    2.49379   35      61.4035 %
7    137 34.75     0.211057    1.52286   35      61.4035 %
7    138 34.53     0.336601    2.4287    35      61.4035 %
7    139 34.695    0.195604    1.41136   35      61.4035 %
7    140 34.735    0.22381     1.61487   35      61.4035 %
7    141 34.19     0.452228    3.26299   35      61.4035 %
7    142 34.58     0.32417     2.33901   35      61.4035 %
7    143 34.47     0.339456    2.44931   35      61.4035 %
7    144 34.445    0.405483    2.92571   35      61.4035 %
7    145 35.64     0.177953    1.284     36      63.1579 %
7    146 35.61     0.265733    1.91736   36      63.1579 %
7    147 35.225    0.437925    3.15979   36      63.1579 %
7    148 35.13     0.441628    3.18651   36      63.1579 %
7    149 35.78     0.211245    1.52421   36      63.1579 %
7    150 35.28     0.441377    3.1847    36      63.1579 %
7    151 35.58     0.307985    2.22223   36      63.1579 %
7    152 35.59     0.33754     2.43548   36      63.1579 %
7    153 35.435    0.364061    2.62684   36      63.1579 %
7    154 35.57     0.274917    1.98363   36      63.1579 %
7    155 35.42     0.414351    2.9897    36      63.1579 %
7    156 35.27     0.448439    3.23565   36      63.1579 %
7    157 35.76     0.17533     1.26507   36      63.1579 %
7    158 35.465    0.343405    2.4778    36      63.1579 %
7    159 35.115    0.493421    3.56022   36      63.1579 %
7    160 35.14     0.449155    3.24082   36      63.1579 %
7    161 35.135    0.446274    3.22003   36      63.1579 %
7    162 35.59     0.305097    2.20139   36      63.1579 %
7    163 35.555    0.302079    2.17962   36      63.1579 %
7    164 35.57     0.351361    2.5352    36      63.1579 %
7    165 35.59     0.315671    2.27768   36      63.1579 %
7    166 35.645    0.233692    1.68618   36      63.1579 %
7    167 35.55     0.324881    2.34414   36      63.1579 %
7    168 35.755    0.222954    1.6087    37      64.9123 %
7    169 36.86     0.143075    1.03234   37      64.9123 %
7    170 36.7      0.248933    1.79614   37      64.9123 %
7    171 36.73     0.189851    1.36985   37      64.9123 %
7    172 36.46     0.313107    2.25919   37      64.9123 %
7    173 36.62     0.3511      2.53332   37      64.9123 %
7    174 36.76     0.23914     1.72548   37      64.9123 %
7    175 36.77     0.200243    1.44483   37      64.9123 %
7    176 36.54     0.367823    2.65398   37      64.9123 %
7    177 36.505    0.330258    2.38293   37      64.9123 %
7    178 36.535    0.364406    2.62932   37      64.9123 %
7    179 36.355    0.449554    3.2437    37      64.9123 %
7    180 36.725    0.236582    1.70703   37      64.9123 %
7    181 36.43     0.368261    2.65714   37      64.9123 %
7    182 36.5      0.335765    2.42267   37      64.9123 %
7    183 36.355    0.39881     2.87756   37      64.9123 %
7    184 36.475    0.36203     2.61218   37      64.9123 %
7    185 36.345    0.381669    2.75389   37      64.9123 %
7    186 36.815    0.140377    1.01287   37      64.9123 %
7    187 36.455    0.35363     2.55157   37      64.9123 %
7    188 36.57     0.290286    2.09453   37      64.9123 %
7    189 36.34     0.412268    2.97467   37      64.9123 %
7    190 36.595    0.293786    2.11977   37      64.9123 %
7    191 36.635    0.298052    2.15056   37      64.9123 %
7    192 36.465    0.378439    2.73058   37      64.9123 %
7    193 36.245    0.473316    3.41516   37      64.9123 %
7    194 36.665    0.273427    1.97288   37      64.9123 %
7    195 36.13     0.495594    3.5759    37      64.9123 %
7    196 36.735    0.227234    1.63958   37      64.9123 %
7    197 36.63     0.293856    2.12028   37      64.9123 %
7    198 36.605    0.284709    2.05428   37      64.9123 %
7    199 36.29     0.434196    3.13289   37      64.9123 %
7    200 36.47     0.336314    2.42663   37      64.9123 %
