Run  RI  Mean      95% CI      SD        Best    % Correct 
5    0   13.89     0.450817    3.25281   23      40.3509 %
5    1   24.005    0.0098      0.0707107 25      43.8596 %
5    2   26.005    0.0405019   0.292236  28      49.1228 %
5    3   27.79     0.141413    1.02035   28      49.1228 %
5    4   28.055    0.166843    1.20384   29      50.8772 %
5    5   28.58     0.225478    1.62691   29      50.8772 %
5    6   29.035    0.179216    1.29311   30      52.6316 %
5    7   29.69     0.265951    1.91894   31      54.386  %
5    8   30.72     0.208485    1.5043    31      54.386  %
5    9   31.01     0.216583    1.56273   32      56.1404 %
5    10  31.64     0.284079    2.04973   32      56.1404 %
5    11  31.815    0.162672    1.17374   32      56.1404 %
5    12  31.595    0.252053    1.81866   32      56.1404 %
5    13  31.84     0.138551    0.999698  32      56.1404 %
5    14  32.435    0.368279    2.65727   33      57.8947 %
5    15  32.77     0.210122    1.51611   33      57.8947 %
5    16  32.535    0.321334    2.31855   33      57.8947 %
5    17  32.655    0.248388    1.79222   33      57.8947 %
5    18  33.915    0.100938    0.728304  34      59.6491 %
5    19  33.585    0.364247    2.62818   35      61.4035 %
5    20  34.525    0.291755    2.10512   35      61.4035 %
5    21  35.28     0.283779    2.04757   36      63.1579 %
5    22  35.675    0.277164    1.99984   36      63.1579 %
5    23  35.495    0.342876    2.47398   36      63.1579 %
5    24  35.585    0.31874     2.29983   36      63.1579 %
5    25  35.595    0.288815    2.08391   36      63.1579 %
5    26  35.795    0.188621    1.36097   36      63.1579 %
5    27  35.7      0.24265     1.75081   36      63.1579 %
5    28  35.78     0.139052    1.00331   36      63.1579 %
5    29  35.55     0.344211    2.48361   36      63.1579 %
5    30  35.535    0.316796    2.2858    36      63.1579 %
5    31  35.445    0.378648    2.73209   36      63.1579 %
5    32  35.68     0.218256    1.5748    36      63.1579 %
5    33  35.445    0.364623    2.63089   36      63.1579 %
5    34  35.755    0.221652    1.5993    36      63.1579 %
5    35  35.655    0.304276    2.19547   36      63.1579 %
5    36  35.145    0.467138    3.37058   36      63.1579 %
5    37  35.38     0.397273    2.86648   36      63.1579 %
5    38  35.175    0.43394     3.13104   36      63.1579 %
5    39  35.47     0.387769    2.7979    36      63.1579 %
5    40  35.555    0.308091    2.22299   36      63.1579 %
5    41  35.465    0.345087    2.48993   36      63.1579 %
5    42  35.38     0.373479    2.69479   36      63.1579 %
5    43  35.355    0.386519    2.78888   36      63.1579 %
5    44  35.34     0.423129    3.05303   37      64.9123 %
5    45  36.835    0.159496    1.15082   37      64.9123 %
5    46  36.44     0.321263    2.31803   37      64.9123 %
5    47  36.76     0.286514    2.06731   37      64.9123 %
5    48  36.165    0.490399    3.53841   37      64.9123 %
5    49  36.54     0.354187    2.55559   37      64.9123 %
5    50  36.655    0.312724    2.25642   37      64.9123 %
5    51  36.525    0.358008    2.58316   37      64.9123 %
5    52  36.43     0.404007    2.91506   37      64.9123 %
5    53  36.575    0.331261    2.39018   37      64.9123 %
5    54  36.09     0.468333    3.3792    37      64.9123 %
5    55  36.535    0.352558    2.54384   37      64.9123 %
5    56  36.675    0.270109    1.94894   37      64.9123 %
5    57  36.23     0.448223    3.2341    37      64.9123 %
5    58  36.29     0.433528    3.12807   37      64.9123 %
5    59  36.635    0.257388    1.85715   37      64.9123 %
5    60  36.595    0.331162    2.38946   37      64.9123 %
5    61  36.445    0.356593    2.57295   37      64.9123 %
5    62  36.66     0.315747    2.27823   37      64.9123 %
5    63  36.845    0.19752     1.42518   37      64.9123 %
5    64  36.38     0.404258    2.91687   37      64.9123 %
5    65  36.7      0.224895    1.6227    37      64.9123 %
5    66  36.485    0.359365    2.59295   37      64.9123 %
5    67  36.735    0.241644    1.74355   37      64.9123 %
5    68  36.365    0.39718     2.86581   37      64.9123 %
5    69  36.515    0.353679    2.55193   37      64.9123 %
5    70  36.7      0.264718    1.91004   37      64.9123 %
5    71  36.255    0.465399    3.35803   37      64.9123 %
5    72  36.685    0.30427     2.19542   37      64.9123 %
5    73  36.665    0.290209    2.09397   37      64.9123 %
5    74  36.695    0.273398    1.97267   37      64.9123 %
5    75  36.69     0.249471    1.80003   37      64.9123 %
5    76  36.595    0.330287    2.38314   37      64.9123 %
5    77  36.145    0.459849    3.31798   37      64.9123 %
5    78  36.37     0.39891     2.87828   37      64.9123 %
5    79  36.66     0.332426    2.39858   37      64.9123 %
5    80  36.92     0.0726754   0.52438   37      64.9123 %
5    81  36.705    0.240571    1.73581   37      64.9123 %
5    82  36.85     0.150127    1.08322   37      64.9123 %
5    83  36.495    0.357755    2.58134   37      64.9123 %
5    84  36.39     0.372244    2.68588   37      64.9123 %
5    85  36.44     0.364343    2.62887   37      64.9123 %
5    86  36.345    0.414406    2.9901    37      64.9123 %
5    87  36.85     0.183144    1.32145   37      64.9123 %
5    88  36.63     0.26881     1.93956   37      64.9123 %
5    89  36.57     0.275968    1.99121   37      64.9123 %
5    90  36.43     0.346102    2.49725   37      64.9123 %
5    91  36.64     0.316846    2.28616   37      64.9123 %
5    92  36.39     0.419773    3.02882   37      64.9123 %
5    93  36.35     0.436449    3.14914   37      64.9123 %
5    94  36.725    0.203223    1.46633   37      64.9123 %
5    95  36.87     0.142582    1.02878   37      64.9123 %
5    96  36.455    0.364119    2.62726   37      64.9123 %
5    97  36.085    0.519827    3.75075   37      64.9123 %
5    98  36.245    0.431946    3.11666   37      64.9123 %
5    99  36.57     0.305515    2.2044    37      64.9123 %
5    100 36.28     0.437423    3.15617   37      64.9123 %
5    101 36.58     0.304835    2.1995    37      64.9123 %
5    102 36.075    0.517064    3.73081   37      64.9123 %
5    103 36.24     0.428974    3.09521   37      64.9123 %
5    104 36.295    0.482266    3.47973   37      64.9123 %
5    105 36.53     0.360151    2.59863   37      64.9123 %
5    106 36.565    0.292957    2.11379   37      64.9123 %
5    107 36.45     0.347282    2.50577   37      64.9123 %
5    108 36.46     0.36466     2.63116   37      64.9123 %
5    109 36.495    0.315612    2.27726   37      64.9123 %
5    110 36.66     0.308636    2.22693   37      64.9123 %
5    111 36.395    0.449124    3.2406    37      64.9123 %
5    112 36.655    0.260527    1.8798    37      64.9123 %
5    113 36.52     0.35121     2.53411   37      64.9123 %
5    114 36.41     0.410567    2.96239   37      64.9123 %
5    115 36.24     0.453475    3.27199   37      64.9123 %
5    116 36.695    0.293161    2.11527   37      64.9123 %
5    117 36.145    0.497361    3.58864   37      64.9123 %
5    118 36.64     0.254698    1.83774   37      64.9123 %
5    119 36.075    0.476252    3.43634   37      64.9123 %
5    120 36.465    0.344807    2.48792   37      64.9123 %
5    121 36.545    0.364119    2.62726   37      64.9123 %
5    122 36.79     0.240086    1.73231   37      64.9123 %
5    123 36.385    0.364353    2.62894   37      64.9123 %
5    124 36.415    0.344079    2.48266   37      64.9123 %
5    125 36.35     0.381455    2.75234   37      64.9123 %
5    126 36.58     0.365591    2.63788   37      64.9123 %
5    127 36.62     0.271045    1.95569   37      64.9123 %
5    128 36.375    0.412501    2.97635   37      64.9123 %
5    129 36.825    0.149926    1.08177   37      64.9123 %
5    130 36.445    0.388462    2.8029    37      64.9123 %
5    131 36.57     0.304248    2.19527   37      64.9123 %
5    132 36.485    0.392732    2.83371   37      64.9123 %
5    133 36.255    0.406267    2.93137   37      64.9123 %
5    134 36.59     0.356455    2.57196   37      64.9123 %
5    135 36.635    0.329725    2.37909   37      64.9123 %
5    136 36.67     0.24975     1.80204   37      64.9123 %
5    137 36.44     0.348362    2.51356   37      64.9123 %
5    138 36.615    0.318861    2.3007    37      64.9123 %
5    139 36.72     0.281388    2.03032   37      64.9123 %
5    140 36.465    0.376136    2.71396   37      64.9123 %
5    141 36.345    0.406885    2.93583   37      64.9123 %
5    142 36.13     0.437456    3.15641   37      64.9123 %
5    143 36.45     0.343931    2.48159   37      64.9123 %
5    144 36.58     0.301972    2.17884   37      64.9123 %
5    145 36.825    0.204879    1.47828   37      64.9123 %
5    146 36.595    0.292798    2.11265   37      64.9123 %
5    147 36.47     0.32344     2.33374   37      64.9123 %
5    148 36.7      0.228303    1.64729   37      64.9123 %
5    149 35.795    0.591486    4.26779   37      64.9123 %
5    150 36.375    0.402554    2.90458   37      64.9123 %
5    151 36.37     0.368994    2.66243   37      64.9123 %
5    152 36.37     0.392076    2.82898   37      64.9123 %
5    153 36.665    0.230942    1.66633   37      64.9123 %
5    154 36.765    0.198922    1.4353    37      64.9123 %
5    155 36.465    0.360946    2.60436   37      64.9123 %
5    156 36.485    0.380245    2.74361   37      64.9123 %
5    157 36.615    0.295613    2.13296   37      64.9123 %
5    158 36.365    0.425344    3.06902   37      64.9123 %
5    159 36.53     0.299581    2.16159   37      64.9123 %
5    160 36.585    0.292528    2.1107    37      64.9123 %
5    161 36.71     0.261633    1.88778   37      64.9123 %
5    162 36.015    0.502012    3.62221   37      64.9123 %
5    163 36.075    0.467869    3.37585   37      64.9123 %
5    164 36.755    0.211399    1.52532   37      64.9123 %
5    165 36.33     0.402475    2.90401   37      64.9123 %
5    166 36.48     0.346506    2.50017   37      64.9123 %
5    167 36.775    0.198173    1.42989   37      64.9123 %
5    168 36.48     0.340039    2.45351   37      64.9123 %
5    169 36.665    0.257801    1.86013   37      64.9123 %
5    170 36.355    0.392467    2.8318    37      64.9123 %
5    171 36.42     0.362409    2.61492   37      64.9123 %
5    172 36.545    0.364119    2.62726   37      64.9123 %
5    173 36.655    0.233155    1.6823    37      64.9123 %
5    174 36.485    0.384034    2.77095   37      64.9123 %
5    175 36.255    0.428243    3.08994   37      64.9123 %
5    176 36.345    0.354121    2.55512   37      64.9123 %
5    177 36.845    0.182799    1.31897   37      64.9123 %
5    178 36.35     0.408105    2.94463   37      64.9123 %
5    179 36.545    0.318292    2.29659   37      64.9123 %
5    180 36.295    0.394894    2.84931   37      64.9123 %
5    181 36.33     0.417079    3.00938   37      64.9123 %
5    182 36.5      0.373076    2.69188   37      64.9123 %
5    183 36.475    0.326714    2.35736   37      64.9123 %
5    184 36.115    0.486526    3.51047   37      64.9123 %
5    185 36.55     0.339411    2.44898   37      64.9123 %
5    186 36.605    0.298609    2.15457   37      64.9123 %
5    187 36.3      0.400766    2.89168   37      64.9123 %
5    188 36.695    0.197079    1.422     37      64.9123 %
5    189 36.545    0.315856    2.27902   37      64.9123 %
5    190 36.595    0.245063    1.76822   37      64.9123 %
5    191 36.625    0.282169    2.03595   37      64.9123 %
5    192 36.61     0.278849    2.012     37      64.9123 %
5    193 36.775    0.193241    1.39431   37      64.9123 %
5    194 36.47     0.331981    2.39537   37      64.9123 %
5    195 36.765    0.194009    1.39985   37      64.9123 %
5    196 36.335    0.385865    2.78416   37      64.9123 %
5    197 36.73     0.195364    1.40962   37      64.9123 %
5    198 36.53     0.345934    2.49605   37      64.9123 %
5    199 36.555    0.354148    2.55531   37      64.9123 %
5    200 36.35     0.375333    2.70817   37      64.9123 %
