Run  RI  Mean      95% CI      SD        Best    % Correct 
19   0   13.79     0.509666    3.67743   24      42.1053 %
19   1   23.955    0.102381    0.738717  25      43.8596 %
19   2   25.915    0.0633324   0.456967  26      45.614  %
19   3   25.79     0.180938    1.30554   28      49.1228 %
19   4   27.645    0.24459     1.76481   28      49.1228 %
19   5   27.73     0.203115    1.46555   29      50.8772 %
19   6   28.645    0.245771    1.77333   29      50.8772 %
19   7   29        0.199417    1.43887   30      52.6316 %
19   8   29.725    0.203697    1.46975   30      52.6316 %
19   9   29.51     0.336624    2.42887   30      52.6316 %
19   10  30.33     0.280684    2.02524   31      54.386  %
19   11  30.4      0.382024    2.75645   31      54.386  %
19   12  30.545    0.283656    2.04669   31      54.386  %
19   13  30.695    0.251708    1.81617   31      54.386  %
19   14  30.625    0.273836    1.97583   31      54.386  %
19   15  30.66     0.287255    2.07265   31      54.386  %
19   16  30.535    0.317101    2.288     31      54.386  %
19   17  30.805    0.15201     1.09681   31      54.386  %
19   18  30.615    0.401411    2.89633   32      56.1404 %
19   19  31.545    0.307495    2.21869   32      56.1404 %
19   20  31.63     0.292539    2.11078   32      56.1404 %
19   21  31.75     0.218252    1.57477   32      56.1404 %
19   22  31.4      0.382276    2.75827   32      56.1404 %
19   23  31.635    0.29084     2.09852   32      56.1404 %
19   24  31.4      0.367603    2.65239   32      56.1404 %
19   25  31.605    0.266859    1.92549   32      56.1404 %
19   26  31.27     0.363831    2.62518   32      56.1404 %
19   27  31.595    0.283758    2.04742   32      56.1404 %
19   28  31.64     0.300588    2.16885   32      56.1404 %
19   29  31.58     0.297463    2.14631   33      57.8947 %
19   30  32.815    0.19653     1.41804   33      57.8947 %
19   31  32.575    0.25786     1.86056   33      57.8947 %
19   32  32.29     0.406883    2.93581   33      57.8947 %
19   33  32.805    0.187285    1.35133   33      57.8947 %
19   34  32.505    0.356403    2.57158   33      57.8947 %
19   35  32.51     0.31835     2.29702   33      57.8947 %
19   36  32.63     0.27972     2.01828   33      57.8947 %
19   37  32.6      0.293096    2.1148    33      57.8947 %
19   38  32.87     0.126817    0.915034  33      57.8947 %
19   39  32.52     0.298305    2.15239   33      57.8947 %
19   40  32.75     0.215582    1.55551   33      57.8947 %
19   41  32.275    0.416808    3.00742   33      57.8947 %
19   42  32.445    0.357404    2.5788    33      57.8947 %
19   43  32.385    0.392659    2.83318   33      57.8947 %
19   44  32.675    0.244211    1.76207   33      57.8947 %
19   45  32.525    0.345384    2.49207   33      57.8947 %
19   46  32.57     0.305831    2.20668   33      57.8947 %
19   47  32.17     0.439832    3.17356   33      57.8947 %
19   48  32.8      0.183801    1.3262    33      57.8947 %
19   49  32.485    0.372293    2.68623   33      57.8947 %
19   50  32.155    0.447445    3.22848   33      57.8947 %
19   51  32.71     0.273537    1.97367   33      57.8947 %
19   52  32.585    0.260037    1.87627   33      57.8947 %
19   53  32.53     0.376914    2.71957   33      57.8947 %
19   54  32.7      0.273329    1.97217   33      57.8947 %
19   55  32.64     0.272281    1.96461   33      57.8947 %
19   56  32.335    0.399144    2.87997   33      57.8947 %
19   57  32.57     0.287949    2.07766   33      57.8947 %
19   58  32.17     0.463135    3.3417    33      57.8947 %
19   59  32.61     0.288713    2.08317   33      57.8947 %
19   60  32.35     0.416764    3.00711   33      57.8947 %
19   61  32.455    0.318292    2.29659   33      57.8947 %
19   62  32.79     0.189281    1.36573   33      57.8947 %
19   63  32.22     0.426247    3.07553   33      57.8947 %
19   64  32.645    0.274701    1.98207   33      57.8947 %
19   65  32.435    0.340498    2.45682   33      57.8947 %
19   66  32.655    0.269272    1.9429    33      57.8947 %
19   67  32.47     0.357461    2.57922   33      57.8947 %
19   68  32.63     0.259306    1.87099   34      59.6491 %
19   69  33.105    0.510008    3.6799    34      59.6491 %
19   70  33.325    0.445681    3.21576   34      59.6491 %
19   71  33.68     0.219139    1.58117   34      59.6491 %
19   72  33.73     0.218234    1.57464   34      59.6491 %
19   73  34.94     0.047403    0.342031  35      61.4035 %
19   74  34.17     0.426009    3.07382   35      61.4035 %
19   75  34.5      0.360176    2.5988    35      61.4035 %
19   76  34.59     0.327673    2.36429   35      61.4035 %
19   77  34.655    0.307746    2.2205    35      61.4035 %
19   78  34.62     0.260142    1.87702   35      61.4035 %
19   79  34.555    0.338827    2.44476   35      61.4035 %
19   80  34.385    0.413492    2.9835    35      61.4035 %
19   81  34.45     0.337128    2.43251   35      61.4035 %
19   82  34.35     0.35225     2.54161   35      61.4035 %
19   83  34.69     0.253691    1.83048   35      61.4035 %
19   84  34.76     0.191133    1.3791    35      61.4035 %
19   85  34.64     0.328512    2.37034   35      61.4035 %
19   86  34.62     0.292291    2.10899   35      61.4035 %
19   87  34.645    0.267582    1.9307    35      61.4035 %
19   88  34.22     0.473655    3.4176    35      61.4035 %
19   89  34.31     0.432592    3.12132   35      61.4035 %
19   90  34.48     0.346506    2.50017   35      61.4035 %
19   91  33.96     0.535569    3.86433   35      61.4035 %
19   92  34.525    0.340883    2.4596    35      61.4035 %
19   93  34.605    0.251593    1.81534   35      61.4035 %
19   94  34.485    0.357209    2.5774    35      61.4035 %
19   95  34.67     0.252058    1.81869   35      61.4035 %
19   96  34.45     0.366485    2.64433   35      61.4035 %
19   97  34.515    0.341743    2.4658    35      61.4035 %
19   98  34.56     0.315503    2.27647   35      61.4035 %
19   99  34.215    0.489434    3.53145   35      61.4035 %
19   100 34.445    0.410451    2.96156   35      61.4035 %
19   101 34.58     0.35077     2.53093   35      61.4035 %
19   102 34.54     0.343113    2.47569   35      61.4035 %
19   103 34.62     0.253375    1.8282    35      61.4035 %
19   104 34.58     0.305151    2.20178   35      61.4035 %
19   105 34.53     0.357731    2.58116   35      61.4035 %
19   106 34.43     0.40137     2.89604   35      61.4035 %
19   107 34.385    0.40117     2.89459   35      61.4035 %
19   108 34.63     0.283149    2.04303   35      61.4035 %
19   109 34.705    0.238961    1.72419   35      61.4035 %
19   110 34.95     0.0455548   0.328695  35      61.4035 %
19   111 34.445    0.382705    2.76136   35      61.4035 %
19   112 34.71     0.247607    1.78658   35      61.4035 %
19   113 34.705    0.248466    1.79278   35      61.4035 %
19   114 34.245    0.461964    3.33325   35      61.4035 %
19   115 34.48     0.328488    2.37017   35      61.4035 %
19   116 34.485    0.362839    2.61802   35      61.4035 %
19   117 34.25     0.457187    3.29877   35      61.4035 %
19   118 34.7      0.234559    1.69243   35      61.4035 %
19   119 34.585    0.311388    2.24678   35      61.4035 %
19   120 34.695    0.269487    1.94445   35      61.4035 %
19   121 34.7      0.25278     1.82391   35      61.4035 %
19   122 34.435    0.376829    2.71896   35      61.4035 %
19   123 34.405    0.411484    2.96902   35      61.4035 %
19   124 34.39     0.388485    2.80307   35      61.4035 %
19   125 34.56     0.248016    1.78953   35      61.4035 %
19   126 34.285    0.454142    3.27681   35      61.4035 %
19   127 34.415    0.366887    2.64723   35      61.4035 %
19   128 34.55     0.327544    2.36335   35      61.4035 %
19   129 34.38     0.355743    2.56682   35      61.4035 %
19   130 34.64     0.285434    2.05952   35      61.4035 %
19   131 34.47     0.339172    2.44725   35      61.4035 %
19   132 34.18     0.479247    3.45795   35      61.4035 %
19   133 34.12     0.473737    3.41819   35      61.4035 %
19   134 34.56     0.321263    2.31803   35      61.4035 %
19   135 34.565    0.320341    2.31138   35      61.4035 %
19   136 33.55     0.679213    4.90077   35      61.4035 %
19   137 34.69     0.241209    1.74042   35      61.4035 %
19   138 34.7      0.271912    1.96195   35      61.4035 %
19   139 34.465    0.343124    2.47577   35      61.4035 %
19   140 34.865    0.108229    0.780912  35      61.4035 %
19   141 34.66     0.285231    2.05805   35      61.4035 %
19   142 34.315    0.392388    2.83123   35      61.4035 %
19   143 34.415    0.348815    2.51683   35      61.4035 %
19   144 34.365    0.407496    2.94024   35      61.4035 %
19   145 34.695    0.186511    1.34575   35      61.4035 %
19   146 34.72     0.232973    1.68099   35      61.4035 %
19   147 34.505    0.323764    2.33608   35      61.4035 %
19   148 34.465    0.345646    2.49397   35      61.4035 %
19   149 34.62     0.268181    1.93502   35      61.4035 %
19   150 34.465    0.360143    2.59856   35      61.4035 %
19   151 34.59     0.312907    2.25774   35      61.4035 %
19   152 34.63     0.245933    1.7745    35      61.4035 %
19   153 33.785    0.584522    4.21755   35      61.4035 %
19   154 34.615    0.302711    2.18418   35      61.4035 %
19   155 34.55     0.304958    2.20039   35      61.4035 %
19   156 34.585    0.316003    2.28008   35      61.4035 %
19   157 34.19     0.505635    3.64835   35      61.4035 %
19   158 34.49     0.379741    2.73997   35      61.4035 %
19   159 34.145    0.477357    3.44431   35      61.4035 %
19   160 34.72     0.243507    1.757     35      61.4035 %
19   161 34.57     0.332736    2.40082   35      61.4035 %
19   162 34.04     0.508006    3.66546   35      61.4035 %
19   163 34.57     0.274565    1.98109   35      61.4035 %
19   164 34.545    0.310618    2.24123   35      61.4035 %
19   165 34.355    0.420487    3.03397   35      61.4035 %
19   166 34.475    0.315288    2.27492   35      61.4035 %
19   167 34.5      0.387542    2.79626   35      61.4035 %
19   168 34.505    0.318049    2.29484   35      61.4035 %
19   169 34.555    0.307149    2.2162    35      61.4035 %
19   170 34.405    0.411015    2.96563   35      61.4035 %
19   171 34.665    0.276585    1.99567   35      61.4035 %
19   172 34.51     0.317135    2.28825   35      61.4035 %
19   173 34.27     0.44106     3.18241   35      61.4035 %
19   174 34.5      0.344001    2.4821    35      61.4035 %
19   175 33.945    0.580433    4.18804   35      61.4035 %
19   176 34.22     0.424204    3.06079   35      61.4035 %
19   177 34.15     0.482657    3.48255   35      61.4035 %
19   178 34.57     0.312697    2.25623   35      61.4035 %
19   179 34.295    0.438004    3.16037   35      61.4035 %
19   180 34.59     0.322327    2.32571   35      61.4035 %
19   181 34.6      0.312539    2.25509   35      61.4035 %
19   182 34.465    0.344247    2.48387   35      61.4035 %
19   183 34.43     0.347216    2.50529   35      61.4035 %
19   184 34.67     0.269097    1.94164   35      61.4035 %
19   185 34.16     0.472897    3.41213   35      61.4035 %
19   186 34.575    0.327157    2.36056   35      61.4035 %
19   187 34.855    0.144657    1.04375   35      61.4035 %
19   188 33.85     0.572151    4.12828   35      61.4035 %
19   189 34.63     0.272377    1.9653    35      61.4035 %
19   190 34.195    0.475189    3.42867   35      61.4035 %
19   191 34.3      0.420511    3.03414   35      61.4035 %
19   192 34.305    0.434553    3.13546   35      61.4035 %
19   193 34.575    0.289596    2.08955   35      61.4035 %
19   194 34.48     0.364692    2.63139   35      61.4035 %
19   195 34.485    0.329081    2.37444   35      61.4035 %
19   196 34.605    0.272585    1.9668    35      61.4035 %
19   197 34.47     0.35827     2.58506   35      61.4035 %
19   198 34.145    0.494441    3.56758   35      61.4035 %
19   199 34.205    0.452422    3.26439   35      61.4035 %
19   200 33.725    0.587661    4.2402    35      61.4035 %
