Run  RI  Mean      95% CI      SD        Best    % Correct 
3    0   14.09     0.683007    3.48473   23      40.3509 %
3    1   24        0.0278582   0.142134  25      43.8596 %
3    2   26.93     0.163048    0.831878  28      49.1228 %
3    3   27.63     0.367111    1.87301   30      52.6316 %
3    4   29.64     0.321904    1.64237   30      52.6316 %
3    5   30.98     0.0275782   0.140705  31      54.386  %
3    6   30.63     0.324468    1.65545   32      56.1404 %
3    7   31.69     0.325709    1.66178   33      57.8947 %
3    8   32.98     0.0275782   0.140705  33      57.8947 %
3    9   32.1      0.638616    3.25825   33      57.8947 %
3    10  32.66     0.348194    1.7765    34      59.6491 %
3    11  33.67     0.352442    1.79818   34      59.6491 %
3    12  33.17     0.717345    3.65992   34      59.6491 %
3    13  33.65     0.432812    2.20823   34      59.6491 %
3    14  33.39     0.449973    2.29578   35      61.4035 %
3    15  34.64     0.45565     2.32475   35      61.4035 %
3    16  34.46     0.508685    2.59533   35      61.4035 %
3    17  34.95     0.0511788   0.261116  35      61.4035 %
3    18  34.41     0.517515    2.64038   35      61.4035 %
3    19  34.51     0.472355    2.40998   35      61.4035 %
3    20  34.44     0.485181    2.47541   35      61.4035 %
3    21  34.57     0.405866    2.07074   35      61.4035 %
3    22  34.39     0.535063    2.72991   35      61.4035 %
3    23  35.5      0.106081    0.541229  36      63.1579 %
3    24  35.8      0.334299    1.70561   36      63.1579 %
3    25  35.08     0.701828    3.58076   36      63.1579 %
3    26  35.76     0.285625    1.45727   36      63.1579 %
3    27  35.35     0.536135    2.73538   36      63.1579 %
3    28  35.5      0.541267    2.76157   36      63.1579 %
3    29  35.12     0.716384    3.65502   36      63.1579 %
3    30  35.86     0.222901    1.13725   36      63.1579 %
3    31  35.17     0.681277    3.47591   36      63.1579 %
3    32  35.95     0.0806206   0.411329  36      63.1579 %
3    33  35.35     0.560203    2.85818   36      63.1579 %
3    34  35.54     0.439083    2.24022   36      63.1579 %
3    35  35.43     0.438052    2.23496   36      63.1579 %
3    36  35.14     0.699247    3.56759   36      63.1579 %
3    37  35.65     0.382354    1.95078   36      63.1579 %
3    38  35.3      0.543414    2.77252   36      63.1579 %
3    39  35.81     0.230896    1.17804   36      63.1579 %
3    40  36.09     0.0885129   0.451596  37      64.9123 %
3    41  36.59     0.349168    1.78147   37      64.9123 %
3    42  36.69     0.418518    2.1353    37      64.9123 %
3    43  36.37     0.626442    3.19613   37      64.9123 %
3    44  36.47     0.606808    3.09596   37      64.9123 %
3    45  36.81     0.224073    1.14323   37      64.9123 %
3    46  36.83     0.214083    1.09226   37      64.9123 %
3    47  36.38     0.49895     2.54566   37      64.9123 %
3    48  36.49     0.557509    2.84443   37      64.9123 %
3    49  36.53     0.582       2.96939   37      64.9123 %
3    50  36.18     0.657702    3.35562   37      64.9123 %
3    51  36.01     0.692822    3.53481   37      64.9123 %
3    52  36.49     0.508743    2.59563   37      64.9123 %
3    53  36.53     0.52964     2.70224   37      64.9123 %
3    54  36.45     0.472257    2.40947   37      64.9123 %
3    55  36.16     0.70626     3.60337   37      64.9123 %
3    56  36.75     0.252843    1.29002   37      64.9123 %
3    57  36        0.783009    3.99495   37      64.9123 %
3    58  36.33     0.480144    2.44972   37      64.9123 %
3    59  36.01     0.730446    3.72677   37      64.9123 %
3    60  36.31     0.525403    2.68063   37      64.9123 %
3    61  36.07     0.788075    4.02079   37      64.9123 %
3    62  36.58     0.478627    2.44197   37      64.9123 %
3    63  36.61     0.383893    1.95864   37      64.9123 %
3    64  36.48     0.487702    2.48828   37      64.9123 %
3    65  36.29     0.554578    2.82948   37      64.9123 %
3    66  36.62     0.411114    2.09752   37      64.9123 %
3    67  36.82     0.212856    1.086     37      64.9123 %
3    68  36.25     0.682598    3.48264   37      64.9123 %
3    69  36.47     0.484489    2.47188   37      64.9123 %
3    70  36.49     0.447898    2.2852    37      64.9123 %
3    71  36.22     0.615774    3.1417    37      64.9123 %
3    72  36.64     0.354052    1.80639   37      64.9123 %
3    73  36.22     0.656639    3.3502    37      64.9123 %
3    74  36.51     0.554718    2.83019   37      64.9123 %
3    75  36.31     0.6076      3.1       37      64.9123 %
3    76  36.64     0.503394    2.56834   37      64.9123 %
3    77  36.4      0.545196    2.78161   37      64.9123 %
3    78  36.6      0.386015    1.96946   37      64.9123 %
3    79  36.57     0.495418    2.52765   37      64.9123 %
3    80  36.34     0.57917     2.95495   37      64.9123 %
3    81  36.43     0.604116    3.08222   37      64.9123 %
3    82  36.52     0.546959    2.7906    37      64.9123 %
3    83  36.66     0.443305    2.26176   38      66.6667 %
3    84  37.4      0.662182    3.37848   38      66.6667 %
3    85  37.42     0.529438    2.70122   38      66.6667 %
3    86  37.73     0.3318      1.69285   38      66.6667 %
3    87  37.14     0.794336    4.05273   38      66.6667 %
3    88  36.84     0.882592    4.50302   38      66.6667 %
3    89  37.78     0.392574    2.00293   38      66.6667 %
3    90  37.84     0.168813    0.861289  38      66.6667 %
3    91  37.11     0.664461    3.39011   38      66.6667 %
3    92  37.12     0.749733    3.82517   38      66.6667 %
3    93  37.25     0.643383    3.28257   38      66.6667 %
3    94  37.16     0.726838    3.70836   38      66.6667 %
3    95  37.46     0.500224    2.55216   38      66.6667 %
3    96  37.05     0.667072    3.40343   38      66.6667 %
3    97  37.71     0.284502    1.45154   38      66.6667 %
3    98  37.92     0.077203    0.393893  38      66.6667 %
3    99  36.55     0.9688      4.94286   38      66.6667 %
3    100 37.07     0.721767    3.68249   38      66.6667 %
3    101 37.55     0.46813     2.38842   38      66.6667 %
3    102 36.92     0.830941    4.2395    38      66.6667 %
3    103 37.18     0.767179    3.91418   38      66.6667 %
3    104 37.67     0.447517    2.28325   38      66.6667 %
3    105 37.61     0.378805    1.93268   38      66.6667 %
3    106 37.69     0.349834    1.78487   38      66.6667 %
3    107 36.79     0.804662    4.10542   38      66.6667 %
3    108 37.4      0.587009    2.99495   38      66.6667 %
3    109 37.31     0.590762    3.01409   38      66.6667 %
3    110 37.42     0.618666    3.15646   38      66.6667 %
3    111 37.33     0.511451    2.60944   38      66.6667 %
3    112 37.73     0.239411    1.22148   38      66.6667 %
3    113 37.54     0.494764    2.52431   38      66.6667 %
3    114 37.32     0.633969    3.23454   38      66.6667 %
3    115 37.71     0.414419    2.11438   38      66.6667 %
3    116 37.53     0.534018    2.72458   38      66.6667 %
3    117 37.01     0.755002    3.85205   38      66.6667 %
3    118 37.82     0.185587    0.946872  38      66.6667 %
3    119 37.08     0.741615    3.78375   38      66.6667 %
3    120 37.51     0.449628    2.29402   38      66.6667 %
3    121 37.68     0.283935    1.44865   38      66.6667 %
3    122 37.78     0.256205    1.30717   38      66.6667 %
3    123 37.33     0.556506    2.83932   38      66.6667 %
3    124 37.76     0.352514    1.79854   38      66.6667 %
3    125 37.36     0.731521    3.73225   40      70.1754 %
3    126 39.62     0.470119    2.39857   40      70.1754 %
3    127 39.31     0.612054    3.12273   40      70.1754 %
3    128 39.94     0.0997465   0.508911  40      70.1754 %
3    129 39.49     0.516314    2.63425   40      70.1754 %
3    130 39.55     0.477161    2.4345    40      70.1754 %
3    131 39.86     0.217615    1.11028   40      70.1754 %
3    132 39.36     0.525273    2.67997   40      70.1754 %
3    133 39.75     0.347251    1.77169   40      70.1754 %
3    134 39.67     0.350233    1.78691   40      70.1754 %
3    135 39.56     0.452917    2.3108    40      70.1754 %
3    136 39.72     0.304       1.55102   40      70.1754 %
3    137 39.35     0.620667    3.16667   40      70.1754 %
3    138 38.77     0.940542    4.79868   40      70.1754 %
3    139 39.67     0.416063    2.12277   40      70.1754 %
3    140 39.18     0.747712    3.81486   40      70.1754 %
3    141 39.91     0.121734    0.621094  40      70.1754 %
3    142 39.54     0.46484     2.37163   40      70.1754 %
3    143 39.09     0.785036    4.00529   40      70.1754 %
3    144 39.7      0.51027     2.60342   40      70.1754 %
3    145 39.51     0.448764    2.28961   40      70.1754 %
3    146 39.81     0.335104    1.70972   40      70.1754 %
3    147 39.1      0.740474    3.77793   40      70.1754 %
3    148 39.46     0.473114    2.41385   40      70.1754 %
3    149 39.85     0.255894    1.30558   40      70.1754 %
3    150 39.28     0.666901    3.40255   40      70.1754 %
3    151 39.36     0.57803     2.94913   40      70.1754 %
3    152 39.06     0.679432    3.46649   40      70.1754 %
3    153 39.93     0.0638616   0.325825  40      70.1754 %
3    154 39.67     0.46537     2.37434   40      70.1754 %
3    155 39.02     0.805474    4.10956   40      70.1754 %
3    156 39.58     0.421737    2.15172   40      70.1754 %
3    157 39.5      0.575325    2.93533   40      70.1754 %
3    158 39.44     0.58191     2.96893   40      70.1754 %
3    159 39.66     0.460479    2.34938   40      70.1754 %
3    160 39.61     0.310085    1.58206   40      70.1754 %
3    161 38.75     0.936208    4.77657   40      70.1754 %
3    162 39.81     0.314804    1.60614   40      70.1754 %
3    163 39.47     0.549065    2.80135   40      70.1754 %
3    164 39.29     0.688214    3.51129   40      70.1754 %
3    165 39.47     0.502573    2.56415   40      70.1754 %
3    166 39.84     0.171096    0.872938  40      70.1754 %
3    167 39.03     0.82097     4.18862   40      70.1754 %
3    168 39.45     0.744589    3.79892   40      70.1754 %
3    169 39.89     0.19678     1.00398   40      70.1754 %
3    170 39.41     0.661065    3.37278   40      70.1754 %
3    171 39.66     0.348194    1.7765    40      70.1754 %
3    172 39.4      0.538032    2.74506   40      70.1754 %
3    173 39.4      0.520435    2.65528   40      70.1754 %
3    174 39.74     0.30213     1.54148   40      70.1754 %
3    175 39.33     0.659278    3.36367   40      70.1754 %
3    176 39.2      0.642553    3.27833   40      70.1754 %
3    177 39.75     0.397285    2.02696   40      70.1754 %
3    178 39.42     0.516077    2.63305   40      70.1754 %
3    179 39.43     0.498542    2.54358   40      70.1754 %
3    180 38.69     0.953181    4.86317   40      70.1754 %
3    181 39.38     0.583548    2.97729   40      70.1754 %
3    182 39.75     0.266298    1.35866   40      70.1754 %
3    183 39.24     0.610419    3.11439   40      70.1754 %
3    184 39.46     0.539774    2.75395   40      70.1754 %
3    185 38.8      0.909135    4.63844   40      70.1754 %
3    186 39.56     0.490748    2.50382   40      70.1754 %
3    187 39.54     0.519255    2.64926   40      70.1754 %
3    188 39.31     0.696286    3.55248   40      70.1754 %
3    189 39.26     0.744195    3.79692   40      70.1754 %
3    190 39.39     0.545833    2.78486   40      70.1754 %
3    191 39.66     0.38321     1.95515   40      70.1754 %
3    192 39.28     0.670383    3.42032   40      70.1754 %
3    193 39.53     0.476412    2.43068   40      70.1754 %
3    194 39.19     0.723078    3.68917   40      70.1754 %
3    195 39.77     0.208202    1.06225   40      70.1754 %
3    196 38.77     0.959333    4.89455   40      70.1754 %
3    197 39.25     0.64519     3.29179   40      70.1754 %
3    198 39.57     0.385265    1.96564   40      70.1754 %
3    199 39.58     0.562833    2.8716    40      70.1754 %
3    200 38.01     1.03056     5.25798   40      70.1754 %
