Run  RI  Mean      95% CI      SD        Best    % Correct 
11   0   14.17     0.713005    3.63778   23      40.3509 %
11   1   22.85     0.27631     1.40974   25      43.8596 %
11   2   24.96     0.192847    0.983911  26      45.614  %
11   3   27        0.0393975   0.201008  28      49.1228 %
11   4   27.71     0.299129    1.52617   28      49.1228 %
11   5   28.96     0.0386015   0.196946  29      50.8772 %
11   6   29.32     0.157294    0.802521  30      52.6316 %
11   7   31        0           0         31      54.386  %
11   8   30.37     0.480629    2.45219   31      54.386  %
11   9   31.63     0.369219    1.88377   33      57.8947 %
11   10  32.65     0.353893    1.80557   33      57.8947 %
11   11  32.19     0.554858    2.83091   33      57.8947 %
11   12  32.48     0.426586    2.17646   33      57.8947 %
11   13  32.69     0.27252     1.39041   33      57.8947 %
11   14  32.44     0.430065    2.19421   33      57.8947 %
11   15  32.58     0.489053    2.49517   34      59.6491 %
11   16  33.36     0.508762    2.59572   34      59.6491 %
11   17  33.39     0.402641    2.05429   34      59.6491 %
11   18  33.62     0.364059    1.85744   34      59.6491 %
11   19  33.52     0.439136    2.24049   34      59.6491 %
11   20  33.88     0.197538    1.00785   34      59.6491 %
11   21  33.62     0.460951    2.35179   34      59.6491 %
11   22  33.43     0.558733    2.85068   34      59.6491 %
11   23  33.03     0.629408    3.21126   34      59.6491 %
11   24  33.36     0.642867    3.27994   34      59.6491 %
11   25  33.33     0.542381    2.76725   34      59.6491 %
11   26  33.35     0.54261     2.76842   34      59.6491 %
11   27  33.6      0.344587    1.7581    34      59.6491 %
11   28  33.47     0.409862    2.09113   34      59.6491 %
11   29  32.96     0.68461     3.49291   34      59.6491 %
11   30  33.53     0.4715      2.40561   34      59.6491 %
11   31  33.53     0.422909    2.1577    34      59.6491 %
11   32  33.65     0.405024    2.06645   34      59.6491 %
11   33  33.56     0.419097    2.13825   34      59.6491 %
11   34  33.22     0.650703    3.31991   34      59.6491 %
11   35  33.69     0.278157    1.41917   34      59.6491 %
11   36  33.64     0.320696    1.63621   34      59.6491 %
11   37  33.47     0.523746    2.67217   34      59.6491 %
11   38  33.72     0.326167    1.66412   34      59.6491 %
11   39  32.94     0.64063     3.26852   34      59.6491 %
11   40  33.63     0.386673    1.97282   34      59.6491 %
11   41  33.39     0.459361    2.34368   34      59.6491 %
11   42  33.5      0.447036    2.28079   34      59.6491 %
11   43  33.73     0.259628    1.32463   34      59.6491 %
11   44  33.52     0.401275    2.04732   34      59.6491 %
11   45  32.89     0.76946     3.92581   34      59.6491 %
11   46  33.54     0.399277    2.03713   34      59.6491 %
11   47  32.75     0.791083    4.03614   34      59.6491 %
11   48  33.59     0.428958    2.18856   34      59.6491 %
11   49  33.52     0.489291    2.49638   34      59.6491 %
11   50  33.86     0.277214    1.41436   35      61.4035 %
11   51  34.54     0.483659    2.46765   35      61.4035 %
11   52  34.69     0.242375    1.2366    35      61.4035 %
11   53  34.48     0.432009    2.20413   35      61.4035 %
11   54  34.73     0.293313    1.49649   35      61.4035 %
11   55  34.87     0.146501    0.747454  35      61.4035 %
11   56  34.6      0.360008    1.83677   35      61.4035 %
11   57  34.39     0.439503    2.24236   35      61.4035 %
11   58  34.83     0.171854    0.876805  35      61.4035 %
11   59  34.74     0.32562     1.66132   35      61.4035 %
11   60  34.31     0.579488    2.95657   35      61.4035 %
11   61  34.48     0.499494    2.54844   35      61.4035 %
11   62  34.38     0.489529    2.49759   35      61.4035 %
11   63  34.67     0.442284    2.25655   35      61.4035 %
11   64  34.97     0.0336035   0.171447  35      61.4035 %
11   65  34.07     0.652296    3.32804   35      61.4035 %
11   66  34.54     0.473934    2.41803   35      61.4035 %
11   67  34.78     0.173035    0.882833  35      61.4035 %
11   68  34.64     0.275106    1.4036    35      61.4035 %
11   69  34.54     0.474752    2.4222    35      61.4035 %
11   70  33.83     0.751684    3.83512   35      61.4035 %
11   71  34.07     0.631132    3.22006   35      61.4035 %
11   72  34.57     0.391262    1.99623   35      61.4035 %
11   73  34.77     0.373607    1.90616   35      61.4035 %
11   74  34.22     0.64411     3.28627   35      61.4035 %
11   75  34.82     0.315647    1.61045   35      61.4035 %
11   76  34.28     0.58175     2.96811   35      61.4035 %
11   77  34.67     0.400863    2.04522   35      61.4035 %
11   78  33.78     0.867452    4.42577   35      61.4035 %
11   79  34.65     0.44866     2.28908   35      61.4035 %
11   80  34.68     0.425128    2.16902   35      61.4035 %
11   81  34.3      0.674664    3.44216   35      61.4035 %
11   82  34.74     0.315942    1.61195   35      61.4035 %
11   83  34.62     0.469293    2.39435   35      61.4035 %
11   84  34.31     0.628939    3.20887   35      61.4035 %
11   85  34.71     0.375099    1.91377   35      61.4035 %
11   86  34.47     0.478039    2.43897   35      61.4035 %
11   87  34.42     0.598907    3.05565   35      61.4035 %
11   88  34.87     0.149126    0.760847  35      61.4035 %
11   89  34.32     0.694715    3.54447   35      61.4035 %
11   90  34.87     0.218745    1.11604   35      61.4035 %
11   91  34.78     0.319557    1.63039   35      61.4035 %
11   92  34.75     0.352795    1.79997   35      61.4035 %
11   93  34.87     0.138327    0.705748  35      61.4035 %
11   94  34.52     0.430209    2.19494   35      61.4035 %
11   95  34.58     0.456212    2.32761   35      61.4035 %
11   96  34.65     0.379297    1.93519   35      61.4035 %
11   97  34.55     0.449524    2.29349   35      61.4035 %
11   98  34.9      0.129173    0.659047  35      61.4035 %
11   99  34.79     0.267635    1.36548   35      61.4035 %
11   100 34.64     0.445314    2.27201   35      61.4035 %
11   101 34.44     0.560857    2.86152   35      61.4035 %
11   102 34.58     0.410547    2.09463   35      61.4035 %
11   103 34.42     0.427222    2.1797    35      61.4035 %
11   104 34.4      0.521924    2.66288   35      61.4035 %
11   105 34.48     0.520792    2.6571    35      61.4035 %
11   106 34.66     0.389238    1.98591   35      61.4035 %
11   107 34.74     0.30974     1.58031   35      61.4035 %
11   108 34.52     0.434695    2.21783   35      61.4035 %
11   109 34.41     0.566896    2.89233   35      61.4035 %
11   110 34.76     0.315328    1.60881   35      61.4035 %
11   111 34.4      0.512924    2.61696   35      61.4035 %
11   112 34.37     0.552728    2.82004   35      61.4035 %
11   113 34.78     0.196158    1.00081   35      61.4035 %
11   114 34.16     0.570733    2.91191   35      61.4035 %
11   115 34.13     0.606935    3.09661   35      61.4035 %
11   116 34.53     0.528172    2.69476   35      61.4035 %
11   117 34.61     0.409331    2.08842   35      61.4035 %
11   118 34.92     0.103038    0.525703  35      61.4035 %
11   119 34.58     0.535994    2.73466   35      61.4035 %
11   120 34.58     0.433533    2.21191   35      61.4035 %
11   121 34.55     0.392371    2.00189   35      61.4035 %
11   122 34.4      0.595541    3.03847   35      61.4035 %
11   123 34.63     0.370268    1.88912   35      61.4035 %
11   124 34.63     0.434852    2.21863   35      61.4035 %
11   125 34.38     0.495829    2.52974   35      61.4035 %
11   126 34.91     0.0840146   0.428646  35      61.4035 %
11   127 34.2      0.646767    3.29983   35      61.4035 %
11   128 33.77     0.800581    4.0846    35      61.4035 %
11   129 34.64     0.34964     1.78388   35      61.4035 %
11   130 34.7      0.308334    1.57313   35      61.4035 %
11   131 34.25     0.562277    2.86876   35      61.4035 %
11   132 34.53     0.494007    2.52044   35      61.4035 %
11   133 34.52     0.463218    2.36336   35      61.4035 %
11   134 34.62     0.339802    1.73368   35      61.4035 %
11   135 34.4      0.525628    2.68178   35      61.4035 %
11   136 34.32     0.574231    2.92975   35      61.4035 %
11   137 34.41     0.550223    2.80726   35      61.4035 %
11   138 34.42     0.485869    2.47892   35      61.4035 %
11   139 34.57     0.445954    2.27527   35      61.4035 %
11   140 34.52     0.389497    1.98723   35      61.4035 %
11   141 34.67     0.327325    1.67003   35      61.4035 %
11   142 34.71     0.386311    1.97098   35      61.4035 %
11   143 34.61     0.369471    1.88506   35      61.4035 %
11   144 34.84     0.294455    1.50232   35      61.4035 %
11   145 34.71     0.373025    1.90319   35      61.4035 %
11   146 34.27     0.672564    3.43145   35      61.4035 %
11   147 34.04     0.699192    3.5673    35      61.4035 %
11   148 34.43     0.556645    2.84003   35      61.4035 %
11   149 34.74     0.332693    1.69741   35      61.4035 %
11   150 34.32     0.559167    2.85289   35      61.4035 %
11   151 34.76     0.321422    1.63991   35      61.4035 %
11   152 34.72     0.275895    1.40763   35      61.4035 %
11   153 34.66     0.278889    1.4229    35      61.4035 %
11   154 34.6      0.356759    1.8202    35      61.4035 %
11   155 34.24     0.548828    2.80014   35      61.4035 %
11   156 34.43     0.596358    3.04264   35      61.4035 %
11   157 34.75     0.325328    1.65983   35      61.4035 %
11   158 34.39     0.49904     2.54612   35      61.4035 %
11   159 34.81     0.179885    0.917782  35      61.4035 %
11   160 34.65     0.417293    2.12904   35      61.4035 %
11   161 34.94     0.0727521   0.371184  35      61.4035 %
11   162 34.44     0.467255    2.38395   35      61.4035 %
11   163 34.7      0.414611    2.11536   35      61.4035 %
11   164 34.15     0.703317    3.58835   35      61.4035 %
11   165 34.58     0.424488    2.16576   35      61.4035 %
11   166 34.5      0.405143    2.06706   35      61.4035 %
11   167 34.24     0.599515    3.05875   35      61.4035 %
11   168 34.18     0.662991    3.38261   35      61.4035 %
11   169 34.8      0.264286    1.3484    35      61.4035 %
11   170 33.98     0.655693    3.34537   35      61.4035 %
11   171 34.52     0.418319    2.13428   35      61.4035 %
11   172 34.9      0.140677    0.717741  35      61.4035 %
11   173 34.31     0.56799     2.89791   35      61.4035 %
11   174 34.34     0.575136    2.93437   35      61.4035 %
11   175 34.36     0.562377    2.86927   35      61.4035 %
11   176 34.74     0.243851    1.24414   35      61.4035 %
11   177 34.13     0.686158    3.50081   35      61.4035 %
11   178 34.7      0.364826    1.86136   35      61.4035 %
11   179 34.3      0.578016    2.94906   35      61.4035 %
11   180 34.85     0.172575    0.880484  35      61.4035 %
11   181 34.68     0.308812    1.57557   35      61.4035 %
11   182 34.84     0.257926    1.31595   35      61.4035 %
11   183 34.81     0.316034    1.61242   35      61.4035 %
11   184 34.77     0.281154    1.43446   35      61.4035 %
11   185 34.13     0.64053     3.26801   35      61.4035 %
11   186 35        0           0         35      61.4035 %
11   187 34.13     0.66198     3.37745   35      61.4035 %
11   188 34.49     0.511026    2.60727   35      61.4035 %
11   189 34.65     0.403103    2.05665   35      61.4035 %
11   190 34.49     0.481307    2.45565   35      61.4035 %
11   191 34.31     0.52244     2.66551   35      61.4035 %
11   192 34.34     0.598284    3.05247   35      61.4035 %
11   193 34.19     0.584157    2.98039   35      61.4035 %
11   194 34.93     0.0696734   0.355477  35      61.4035 %
11   195 34.49     0.503375    2.56824   35      61.4035 %
11   196 34.77     0.341027    1.73993   35      61.4035 %
11   197 34.53     0.453888    2.31576   35      61.4035 %
11   198 34.67     0.366476    1.86978   35      61.4035 %
11   199 34.72     0.351367    1.79269   35      61.4035 %
11   200 34.75     0.252843    1.29002   35      61.4035 %
