Run  RI  Mean      95% CI      SD        Best    % Correct 
21   0   14.21     0.528789    2.6979    21      36.8421 %
21   1   21.92     0.0820755   0.418752  23      40.3509 %
21   2   25.2      0.204715    1.04447   27      47.3684 %
21   3   28.09     0.244606    1.24799   29      50.8772 %
21   4   29.75     0.335891    1.71373   31      54.386  %
21   5   30.46     0.466507    2.38014   32      56.1404 %
21   6   31.43     0.420885    2.14737   32      56.1404 %
21   7   32.85     0.19376     0.988571  34      59.6491 %
21   8   33.88     0.310566    1.58452   35      61.4035 %
21   9   34.51     0.440032    2.24506   35      61.4035 %
21   10  34.69     0.376545    1.92115   35      61.4035 %
21   11  35.47     0.140553    0.717107  36      63.1579 %
21   12  35.18     0.621295    3.16987   36      63.1579 %
21   13  35.87     0.126609    0.645967  36      63.1579 %
21   14  35.21     0.611801    3.12143   36      63.1579 %
21   15  35.94     0.0997465   0.508911  36      63.1579 %
21   16  35.45     0.398261    2.03194   36      63.1579 %
21   17  35.73     0.242631    1.23791   36      63.1579 %
21   18  35.31     0.529816    2.70314   36      63.1579 %
21   19  35.22     0.542757    2.76917   36      63.1579 %
21   20  35        0.680106    3.46993   36      63.1579 %
21   21  35.8      0.2246      1.14592   36      63.1579 %
21   22  35.43     0.420885    2.14737   36      63.1579 %
21   23  35.45     0.528848    2.6982    36      63.1579 %
21   24  35.13     0.64656     3.29878   36      63.1579 %
21   25  35.49     0.504145    2.57217   36      63.1579 %
21   26  36.79     0.277599    1.41632   37      64.9123 %
21   27  36.45     0.386392    1.97139   37      64.9123 %
21   28  36.49     0.493252    2.51659   37      64.9123 %
21   29  36.11     0.618487    3.15555   37      64.9123 %
21   30  36.55     0.469785    2.39686   37      64.9123 %
21   31  36.6      0.47359     2.41627   37      64.9123 %
21   32  36.13     0.656092    3.34741   37      64.9123 %
21   33  36.42     0.411492    2.09945   37      64.9123 %
21   34  36.76     0.241452    1.2319    37      64.9123 %
21   35  36.2      0.638312    3.25669   37      64.9123 %
21   36  36.58     0.413373    2.10905   37      64.9123 %
21   37  36.15     0.656518    3.34958   37      64.9123 %
21   38  36.18     0.649987    3.31626   37      64.9123 %
21   39  36.42     0.585142    2.98542   37      64.9123 %
21   40  36.75     0.266298    1.35866   37      64.9123 %
21   41  36.35     0.588577    3.00294   37      64.9123 %
21   42  36.85     0.181346    0.925235  37      64.9123 %
21   43  36.41     0.397012    2.02557   37      64.9123 %
21   44  36.77     0.226073    1.15343   37      64.9123 %
21   45  36.6      0.419727    2.14146   37      64.9123 %
21   46  36.15     0.595133    3.0364    37      64.9123 %
21   47  36.19     0.67879     3.46321   37      64.9123 %
21   48  36.61     0.392885    2.00452   37      64.9123 %
21   49  36.45     0.513208    2.61841   37      64.9123 %
21   50  36.45     0.546174    2.7866    37      64.9123 %
21   51  36.14     0.666284    3.39941   37      64.9123 %
21   52  36.13     0.631378    3.22131   37      64.9123 %
21   53  36.32     0.518103    2.64338   37      64.9123 %
21   54  36.6      0.365357    1.86407   37      64.9123 %
21   55  36.47     0.402216    2.05212   37      64.9123 %
21   56  36.54     0.421037    2.14815   37      64.9123 %
21   57  36.54     0.470647    2.40126   37      64.9123 %
21   58  36.87     0.149126    0.760847  37      64.9123 %
21   59  36.44     0.537541    2.74256   37      64.9123 %
21   60  36.62     0.475862    2.42787   37      64.9123 %
21   61  36.27     0.559149    2.8528    37      64.9123 %
21   62  36.39     0.488032    2.48996   37      64.9123 %
21   63  36.1      0.700622    3.5746    37      64.9123 %
21   64  36.28     0.640182    3.26623   37      64.9123 %
21   65  36.54     0.335943    1.71399   37      64.9123 %
21   66  36.38     0.505133    2.57721   37      64.9123 %
21   67  36.5      0.421111    2.14853   37      64.9123 %
21   68  36.41     0.518264    2.6442    37      64.9123 %
21   69  36.56     0.420022    2.14297   37      64.9123 %
21   70  36.2      0.685222    3.49603   37      64.9123 %
21   71  36.8      0.238021    1.21439   37      64.9123 %
21   72  36.49     0.406095    2.07191   37      64.9123 %
21   73  36.53     0.396385    2.02237   37      64.9123 %
21   74  36.41     0.49136     2.50694   37      64.9123 %
21   75  36.94     0.0672071   0.342893  37      64.9123 %
21   76  36.72     0.289618    1.47764   37      64.9123 %
21   77  35.92     0.762766    3.89166   37      64.9123 %
21   78  36.71     0.301712    1.53935   37      64.9123 %
21   79  36.31     0.526141    2.68439   37      64.9123 %
21   80  36.58     0.447625    2.2838    37      64.9123 %
21   81  36.47     0.373191    1.90404   37      64.9123 %
21   82  36.48     0.469045    2.39309   37      64.9123 %
21   83  36.47     0.42199     2.15301   37      64.9123 %
21   84  36.43     0.577852    2.94822   37      64.9123 %
21   85  36.45     0.544038    2.77571   37      64.9123 %
21   86  36.2      0.58767     2.99832   37      64.9123 %
21   87  36.23     0.640651    3.26863   37      64.9123 %
21   88  36.75     0.314409    1.60413   37      64.9123 %
21   89  36.57     0.420885    2.14737   37      64.9123 %
21   90  36.23     0.566047    2.88799   37      64.9123 %
21   91  36.36     0.453944    2.31604   37      64.9123 %
21   92  36.56     0.411624    2.10012   37      64.9123 %
21   93  36.35     0.486822    2.48379   37      64.9123 %
21   94  36.06     0.721533    3.68129   37      64.9123 %
21   95  36.34     0.543928    2.77514   37      64.9123 %
21   96  35.99     0.700065    3.57176   37      64.9123 %
21   97  36.05     0.71209     3.63311   37      64.9123 %
21   98  36.02     0.691973    3.53047   37      64.9123 %
21   99  36.73     0.283901    1.44848   37      64.9123 %
21   100 36.65     0.380318    1.9404    37      64.9123 %
21   101 36.42     0.53309     2.71985   37      64.9123 %
21   102 36.22     0.636839    3.24918   37      64.9123 %
21   103 36.1      0.720285    3.67492   37      64.9123 %
21   104 36.43     0.468859    2.39214   37      64.9123 %
21   105 36.15     0.574565    2.93146   37      64.9123 %
21   106 36.67     0.372775    1.90191   37      64.9123 %
21   107 36.75     0.359333    1.83333   37      64.9123 %
21   108 36.26     0.742107    3.78626   37      64.9123 %
21   109 36.59     0.374892    1.91272   37      64.9123 %
21   110 36.98     0.0275782   0.140705  37      64.9123 %
21   111 36.28     0.550917    2.8108    37      64.9123 %
21   112 36.2      0.659834    3.3665    37      64.9123 %
21   113 35.08     1.09808     5.60245   37      64.9123 %
21   114 36.47     0.556785    2.84074   37      64.9123 %
21   115 36.48     0.551199    2.81224   37      64.9123 %
21   116 36        0.621682    3.17185   37      64.9123 %
21   117 36.46     0.348417    1.77764   37      64.9123 %
21   118 36.27     0.59021     3.01128   37      64.9123 %
21   119 36.91     0.096885    0.494311  37      64.9123 %
21   120 36.28     0.722748    3.68749   37      64.9123 %
21   121 36.25     0.625648    3.19208   37      64.9123 %
21   122 36.26     0.579438    2.95631   37      64.9123 %
21   123 36.26     0.622069    3.17382   37      64.9123 %
21   124 36.23     0.652058    3.32683   37      64.9123 %
21   125 36.26     0.587419    2.99704   37      64.9123 %
21   126 36.43     0.500096    2.55151   37      64.9123 %
21   127 36.54     0.544783    2.77951   37      64.9123 %
21   128 36.52     0.365867    1.86667   37      64.9123 %
21   129 36.52     0.428401    2.18572   37      64.9123 %
21   130 35.86     0.723789    3.6928    37      64.9123 %
21   131 36.66     0.359166    1.83248   37      64.9123 %
21   132 36.69     0.39662     2.02357   37      64.9123 %
21   133 36.68     0.341056    1.74008   37      64.9123 %
21   134 36.26     0.60435     3.08342   37      64.9123 %
21   135 36.23     0.614054    3.13293   37      64.9123 %
21   136 36.68     0.360955    1.84161   37      64.9123 %
21   137 36.36     0.51933     2.64964   37      64.9123 %
21   138 36.09     0.701505    3.57911   37      64.9123 %
21   139 36.56     0.39918     2.03663   37      64.9123 %
21   140 36.74     0.260768    1.33045   37      64.9123 %
21   141 36.63     0.457465    2.334     37      64.9123 %
21   142 35.93     0.708199    3.61326   37      64.9123 %
21   143 36.48     0.4409      2.24949   37      64.9123 %
21   144 36.72     0.22986     1.17275   37      64.9123 %
21   145 36.13     0.7252      3.7       37      64.9123 %
21   146 36.18     0.603553    3.07935   37      64.9123 %
21   147 36.66     0.289806    1.4786    37      64.9123 %
21   148 36.6      0.366418    1.86948   37      64.9123 %
21   149 36.3      0.543414    2.77252   37      64.9123 %
21   150 36.57     0.475434    2.42568   37      64.9123 %
21   151 36.23     0.633341    3.23133   37      64.9123 %
21   152 36.46     0.49867     2.54423   37      64.9123 %
21   153 36.58     0.469624    2.39604   37      64.9123 %
21   154 36.45     0.437272    2.23098   37      64.9123 %
21   155 36.63     0.361787    1.84585   37      64.9123 %
21   156 36.1      0.662475    3.37998   37      64.9123 %
21   157 36.55     0.399234    2.03691   37      64.9123 %
21   158 36.6      0.382987    1.95402   37      64.9123 %
21   159 36.45     0.515471    2.62996   37      64.9123 %
21   160 36.16     0.658492    3.35965   37      64.9123 %
21   161 36.57     0.434495    2.21681   37      64.9123 %
21   162 36.65     0.415429    2.11953   37      64.9123 %
21   163 36.65     0.327704    1.67196   37      64.9123 %
21   164 36.7      0.245247    1.25126   37      64.9123 %
21   165 36.51     0.359463    1.83399   37      64.9123 %
21   166 36.34     0.546774    2.78966   37      64.9123 %
21   167 36.36     0.501077    2.55651   37      64.9123 %
21   168 36.28     0.666318    3.39958   37      64.9123 %
21   169 36.27     0.586913    2.99446   37      64.9123 %
21   170 36.31     0.708988    3.61728   37      64.9123 %
21   171 36.58     0.406749    2.07525   37      64.9123 %
21   172 36.46     0.417334    2.12926   37      64.9123 %
21   173 36.32     0.450822    2.30011   37      64.9123 %
21   174 36.51     0.473995    2.41834   37      64.9123 %
21   175 36.52     0.47887     2.44321   37      64.9123 %
21   176 36.3      0.515565    2.63044   37      64.9123 %
21   177 36.58     0.358041    1.82674   37      64.9123 %
21   178 36        0.655113    3.34241   37      64.9123 %
21   179 36.47     0.575968    2.93861   37      64.9123 %
21   180 36.45     0.510175    2.60293   37      64.9123 %
21   181 36.62     0.338658    1.72785   37      64.9123 %
21   182 36.97     0.0336035   0.171447  37      64.9123 %
21   183 36.33     0.577045    2.94411   37      64.9123 %
21   184 36.55     0.393359    2.00693   37      64.9123 %
21   185 35.77     0.889221    4.53684   37      64.9123 %
21   186 36.93     0.119027    0.607279  37      64.9123 %
21   187 36.27     0.780456    3.98192   37      64.9123 %
21   188 36.55     0.44866     2.28908   37      64.9123 %
21   189 36.33     0.492118    2.5108    37      64.9123 %
21   190 36.59     0.452724    2.30982   37      64.9123 %
21   191 36.41     0.479368    2.44575   37      64.9123 %
21   192 36.6      0.322482    1.64532   37      64.9123 %
21   193 36.32     0.549365    2.80288   37      64.9123 %
21   194 35.99     0.721359    3.6804    37      64.9123 %
21   195 36.88     0.216292    1.10353   37      64.9123 %
21   196 36.67     0.336676    1.71773   37      64.9123 %
21   197 36.15     0.674592    3.4418    37      64.9123 %
21   198 35.9      0.801862    4.09113   37      64.9123 %
21   199 36.36     0.485341    2.47623   37      64.9123 %
21   200 36.37     0.484649    2.4727    37      64.9123 %
