Run  RI  Mean      95% CI      SD        Best    % Correct 
17   0   13.99     0.662473    3.37996   24      42.1053 %
17   1   23.86     0.169501    0.8648    24      42.1053 %
17   2   23.81     0.265305    1.3536    24      42.1053 %
17   3   23.9      0.140677    0.717741  24      42.1053 %
17   4   23.84     0.20795     1.06097   24      42.1053 %
17   5   23.89     0.19678     1.00398   24      42.1053 %
17   6   23.55     0.418221    2.13378   24      42.1053 %
17   7   23.71     0.292571    1.49271   24      42.1053 %
17   8   23.64     0.355146    1.81197   24      42.1053 %
17   9   23.78     0.235694    1.20252   24      42.1053 %
17   10  23.89     0.2156      1.1       24      42.1053 %
17   11  23.89     0.2156      1.1       24      42.1053 %
17   12  23.7      0.26648     1.35959   24      42.1053 %
17   13  23.71     0.285863    1.45848   24      42.1053 %
17   14  23.93     0.1372      0.7       24      42.1053 %
17   15  23.85     0.181346    0.925235  24      42.1053 %
17   16  23.73     0.289317    1.47611   24      42.1053 %
17   17  23.63     0.331566    1.69166   24      42.1053 %
17   18  23.84     0.227552    1.16098   24      42.1053 %
17   19  23.89     0.2156      1.1       24      42.1053 %
17   20  23.86     0.202849    1.03494   24      42.1053 %
17   21  23.62     0.371445    1.89513   24      42.1053 %
17   22  23.85     0.170312    0.868936  24      42.1053 %
17   23  23.84     0.222378    1.13458   24      42.1053 %
17   24  23.92     0.123585    0.630536  24      42.1053 %
17   25  23.45     0.436384    2.22645   24      42.1053 %
17   26  23.93     0.0800409   0.408372  24      42.1053 %
17   27  23.86     0.184833    0.943023  24      42.1053 %
17   28  23.99     0.318237    1.62366   29      50.8772 %
17   29  29.1      0.296791    1.51424   30      52.6316 %
17   30  30.39     0.327136    1.66906   31      54.386  %
17   31  32.05     0.0756545   0.385992  33      57.8947 %
17   32  32.25     0.577261    2.94521   33      57.8947 %
17   33  32.24     0.612957    3.12733   33      57.8947 %
17   34  33.6      0.268655    1.37069   34      59.6491 %
17   35  33.99     0.211236    1.07774   35      61.4035 %
17   36  34.7      0.292843    1.4941    35      61.4035 %
17   37  35.71     0.214517    1.09448   36      63.1579 %
17   38  35.82     0.191757    0.978352  36      63.1579 %
17   39  35.9      0.158816    0.810287  36      63.1579 %
17   40  35.58     0.499261    2.54725   36      63.1579 %
17   41  35.33     0.637737    3.25376   36      63.1579 %
17   42  35.29     0.602211    3.07251   36      63.1579 %
17   43  35.85     0.145757    0.74366   36      63.1579 %
17   44  35.56     0.467255    2.38395   36      63.1579 %
17   45  36.56     0.142921    0.729189  37      64.9123 %
17   46  36.33     0.566869    2.89219   38      66.6667 %
17   47  36.99     0.74413     3.79658   38      66.6667 %
17   48  37.42     0.528705    2.69747   38      66.6667 %
17   49  37.82     0.333578    1.70193   38      66.6667 %
17   50  37.12     0.721243    3.67981   38      66.6667 %
17   51  37.26     0.75558     3.855     38      66.6667 %
17   52  37.5      0.494042    2.52062   38      66.6667 %
17   53  37.46     0.482856    2.46355   38      66.6667 %
17   54  37.31     0.543553    2.77323   38      66.6667 %
17   55  37.89     0.141763    0.723278  38      66.6667 %
17   56  37.8      0.195008    0.994937  38      66.6667 %
17   57  37.12     0.707116    3.60774   38      66.6667 %
17   58  37.41     0.555138    2.83233   38      66.6667 %
17   59  37.45     0.541178    2.76111   38      66.6667 %
17   60  37.49     0.549093    2.8015    38      66.6667 %
17   61  37.38     0.577533    2.9466    38      66.6667 %
17   62  37.49     0.548386    2.79789   38      66.6667 %
17   63  37.78     0.205812    1.05006   38      66.6667 %
17   64  36.91     0.8036      4.1       38      66.6667 %
17   65  37.28     0.702602    3.5847    38      66.6667 %
17   66  37.74     0.268106    1.36789   38      66.6667 %
17   67  37.87     0.123507    0.630135  38      66.6667 %
17   68  36.97     0.705014    3.59701   38      66.6667 %
17   69  37.05     0.739884    3.77492   38      66.6667 %
17   70  37.75     0.305648    1.55943   38      66.6667 %
17   71  37.52     0.339459    1.73193   38      66.6667 %
17   72  37.6      0.456909    2.33117   38      66.6667 %
17   73  37.55     0.512451    2.61455   38      66.6667 %
17   74  37.93     0.1372      0.7       38      66.6667 %
17   75  37.33     0.642587    3.2785    38      66.6667 %
17   76  37.6      0.366418    1.86948   38      66.6667 %
17   77  37.69     0.36183     1.84607   38      66.6667 %
17   78  37.55     0.519222    2.64909   38      66.6667 %
17   79  37.5      0.519315    2.64957   38      66.6667 %
17   80  37.78     0.341851    1.74414   38      66.6667 %
17   81  37.17     0.716263    3.6544    38      66.6667 %
17   82  37.52     0.528925    2.6986    38      66.6667 %
17   83  37.41     0.489778    2.49887   38      66.6667 %
17   84  37.64     0.445314    2.27201   38      66.6667 %
17   85  37.1      0.666563    3.40083   38      66.6667 %
17   86  37.19     0.69517     3.54679   38      66.6667 %
17   87  37.2      0.646167    3.29677   38      66.6667 %
17   88  37.55     0.504053    2.5717    38      66.6667 %
17   89  37.68     0.449097    2.29131   38      66.6667 %
17   90  37.58     0.489053    2.49517   38      66.6667 %
17   91  37.76     0.197224    1.00624   38      66.6667 %
17   92  37.16     0.800031    4.08179   38      66.6667 %
17   93  37.22     0.741563    3.78348   38      66.6667 %
17   94  37.13     0.670715    3.42202   38      66.6667 %
17   95  37.4      0.508365    2.5937    38      66.6667 %
17   96  37.52     0.483707    2.46789   38      66.6667 %
17   97  37.85     0.140332    0.715979  38      66.6667 %
17   98  37.71     0.299129    1.52617   38      66.6667 %
17   99  37.44     0.508609    2.59494   38      66.6667 %
17   100 37.62     0.399627    2.03891   38      66.6667 %
17   101 36.41     0.957405    4.88472   38      66.6667 %
17   102 37.45     0.509413    2.59905   38      66.6667 %
17   103 37.76     0.289672    1.47792   38      66.6667 %
17   104 37.6      0.427966    2.1835    38      66.6667 %
17   105 37.81     0.164092    0.837203  38      66.6667 %
17   106 37.39     0.540834    2.75936   38      66.6667 %
17   107 37.5      0.592602    3.02348   38      66.6667 %
17   108 37.25     0.626887    3.19841   38      66.6667 %
17   109 37.6      0.377887    1.928     38      66.6667 %
17   110 37.9      0.129173    0.659047  38      66.6667 %
17   111 37.38     0.601234    3.06752   38      66.6667 %
17   112 37.46     0.468996    2.39283   38      66.6667 %
17   113 37.54     0.439966    2.24472   38      66.6667 %
17   114 37.6      0.407531    2.07924   38      66.6667 %
17   115 37.53     0.525964    2.68349   38      66.6667 %
17   116 36.18     1.04622     5.33784   38      66.6667 %
17   117 37.6      0.437826    2.23381   38      66.6667 %
17   118 36.91     0.835791    4.26424   38      66.6667 %
17   119 36.8      0.892768    4.55494   38      66.6667 %
17   120 37.47     0.499475    2.54834   38      66.6667 %
17   121 36.93     0.814707    4.15667   38      66.6667 %
17   122 37.3      0.603631    3.07975   38      66.6667 %
17   123 36.8      0.809808    4.13167   38      66.6667 %
17   124 37.24     0.588409    3.00209   38      66.6667 %
17   125 37.78     0.192161    0.980414  38      66.6667 %
17   126 37.63     0.396581    2.02337   38      66.6667 %
17   127 37.56     0.438995    2.23977   38      66.6667 %
17   128 37.64     0.417427    2.12973   38      66.6667 %
17   129 36.71     0.875784    4.46828   38      66.6667 %
17   130 37.56     0.513922    2.62205   38      66.6667 %
17   131 37.75     0.341618    1.74295   38      66.6667 %
17   132 37.65     0.489207    2.49596   38      66.6667 %
17   133 37.36     0.611943    3.12216   38      66.6667 %
17   134 37.72     0.418875    2.13712   38      66.6667 %
17   135 37.88     0.145504    0.742369  38      66.6667 %
17   136 37.42     0.605992    3.09179   38      66.6667 %
17   137 37.7      0.334879    1.70856   38      66.6667 %
17   138 37.58     0.437099    2.2301    38      66.6667 %
17   139 37.94     0.0672071   0.342893  38      66.6667 %
17   140 37.11     0.708002    3.61225   38      66.6667 %
17   141 37.82     0.177026    0.903193  38      66.6667 %
17   142 36.71     0.933685    4.7637    38      66.6667 %
17   143 37.86     0.160082    0.816744  38      66.6667 %
17   144 37.29     0.711501    3.63011   38      66.6667 %
17   145 37.21     0.627457    3.20131   38      66.6667 %
17   146 37.29     0.636056    3.24518   38      66.6667 %
17   147 37.72     0.37797     1.92842   38      66.6667 %
17   148 37        0.853208    4.3531    38      66.6667 %
17   149 37.2      0.676674    3.45242   38      66.6667 %
17   150 37.2      0.650953    3.32119   38      66.6667 %
17   151 37.4      0.629744    3.21298   38      66.6667 %
17   152 37.61     0.403603    2.0592    38      66.6667 %
17   153 37.77     0.310035    1.58181   38      66.6667 %
17   154 37.61     0.345594    1.76323   38      66.6667 %
17   155 37.58     0.38317     1.95495   38      66.6667 %
17   156 37.22     0.771819    3.93785   38      66.6667 %
17   157 37.51     0.486918    2.48427   38      66.6667 %
17   158 37.55     0.405024    2.06645   38      66.6667 %
17   159 37.85     0.128797    0.657129  38      66.6667 %
17   160 37.48     0.494026    2.52054   38      66.6667 %
17   161 37.67     0.446649    2.27882   38      66.6667 %
17   162 37.68     0.411209    2.098     38      66.6667 %
17   163 37.57     0.449421    2.29296   38      66.6667 %
17   164 37.29     0.643938    3.2854    38      66.6667 %
17   165 37.47     0.535469    2.73198   38      66.6667 %
17   166 37.36     0.531151    2.70995   38      66.6667 %
17   167 37.52     0.423848    2.16249   38      66.6667 %
17   168 37.58     0.437986    2.23462   38      66.6667 %
17   169 37.65     0.394344    2.01196   38      66.6667 %
17   170 37.52     0.580682    2.96266   38      66.6667 %
17   171 37.79     0.181175    0.924362  38      66.6667 %
17   172 36.43     0.917316    4.68019   38      66.6667 %
17   173 37.59     0.443195    2.2612    38      66.6667 %
17   174 37.82     0.203537    1.03845   38      66.6667 %
17   175 37.25     0.673441    3.43592   38      66.6667 %
17   176 37.68     0.310066    1.58197   38      66.6667 %
17   177 36.77     0.842616    4.29906   38      66.6667 %
17   178 37.09     0.769561    3.92633   38      66.6667 %
17   179 37.2      0.688611    3.51332   38      66.6667 %
17   180 37.79     0.319211    1.62863   38      66.6667 %
17   181 37.54     0.562308    2.86892   38      66.6667 %
17   182 37.81     0.222334    1.13436   38      66.6667 %
17   183 37.63     0.279493    1.42599   38      66.6667 %
17   184 37.24     0.678461    3.46153   38      66.6667 %
17   185 37.65     0.348367    1.77738   38      66.6667 %
17   186 37.8      0.219356    1.11916   38      66.6667 %
17   187 37.08     0.67304     3.43388   38      66.6667 %
17   188 37.53     0.504115    2.57201   38      66.6667 %
17   189 37.54     0.553265    2.82278   38      66.6667 %
17   190 37.45     0.48121     2.45515   38      66.6667 %
17   191 37.74     0.287656    1.46763   38      66.6667 %
17   192 37.05     0.668815    3.41232   38      66.6667 %
17   193 37.49     0.560286    2.8586    38      66.6667 %
17   194 37.45     0.557426    2.84401   38      66.6667 %
17   195 37.06     0.725288    3.70045   38      66.6667 %
17   196 37.77     0.271321    1.38429   38      66.6667 %
17   197 37.23     0.691342    3.52725   38      66.6667 %
17   198 37.54     0.402182    2.05195   38      66.6667 %
17   199 37.74     0.259276    1.32284   38      66.6667 %
17   200 36.81     0.781866    3.98911   38      66.6667 %
17   201 37.67     0.416063    2.12277   38      66.6667 %
17   202 37.84     0.227552    1.16098   38      66.6667 %
17   203 37.54     0.439083    2.24022   38      66.6667 %
17   204 37.15     0.624407    3.18575   38      66.6667 %
17   205 37.67     0.399894    2.04028   38      66.6667 %
17   206 37.87     0.168663    0.860526  38      66.6667 %
17   207 37.75     0.221775    1.1315    38      66.6667 %
17   208 37.85     0.137539    0.701729  38      66.6667 %
17   209 37.79     0.185409    0.945964  38      66.6667 %
17   210 37.77     0.323509    1.65056   38      66.6667 %
17   211 37.84     0.154406    0.787786  38      66.6667 %
17   212 37.31     0.539972    2.75496   38      66.6667 %
17   213 37.57     0.456276    2.32794   38      66.6667 %
17   214 37.35     0.589894    3.00966   38      66.6667 %
17   215 36.59     0.915131    4.66904   38      66.6667 %
17   216 37.55     0.562277    2.86876   38      66.6667 %
17   217 37.76     0.261511    1.33424   38      66.6667 %
17   218 37.56     0.457181    2.33255   38      66.6667 %
17   219 37.62     0.378687    1.93208   38      66.6667 %
17   220 36.97     0.842892    4.30047   38      66.6667 %
17   221 37.06     0.768413    3.92047   38      66.6667 %
17   222 37.83     0.164941    0.841535  38      66.6667 %
17   223 37.61     0.317504    1.61992   38      66.6667 %
17   224 37.48     0.490874    2.50446   38      66.6667 %
17   225 37.19     0.715525    3.65064   38      66.6667 %
17   226 37.61     0.392885    2.00452   38      66.6667 %
17   227 37.8      0.303897    1.5505    38      66.6667 %
17   228 37.07     0.808971    4.1274    38      66.6667 %
17   229 37.14     0.593596    3.02855   38      66.6667 %
17   230 37.02     0.737049    3.76045   38      66.6667 %
17   231 37.61     0.401676    2.04937   38      66.6667 %
17   232 37.17     0.661042    3.37266   38      66.6667 %
17   233 37.28     0.590358    3.01203   38      66.6667 %
17   234 37.44     0.60736     3.09878   38      66.6667 %
17   235 37.63     0.324468    1.65545   38      66.6667 %
17   236 37.56     0.534646    2.72778   38      66.6667 %
17   237 37.53     0.507184    2.58767   38      66.6667 %
17   238 37.55     0.445187    2.27136   38      66.6667 %
17   239 37.48     0.463218    2.36336   38      66.6667 %
17   240 37.54     0.451286    2.30248   38      66.6667 %
17   241 37.6      0.392989    2.00504   38      66.6667 %
17   242 37.27     0.610887    3.11677   38      66.6667 %
17   243 37.57     0.470511    2.40057   38      66.6667 %
17   244 37.87     0.117054    0.597216  38      66.6667 %
17   245 36.91     0.778085    3.96982   38      66.6667 %
17   246 37.46     0.49633     2.5323    38      66.6667 %
17   247 37.62     0.3878      1.97857   38      66.6667 %
17   248 37.61     0.430583    2.19685   38      66.6667 %
17   249 37.55     0.452964    2.31104   38      66.6667 %
17   250 37.79     0.233569    1.19168   38      66.6667 %
17   251 37.21     0.690465    3.52278   38      66.6667 %
17   252 37.54     0.47801     2.43883   38      66.6667 %
17   253 37.65     0.390388    1.99178   38      66.6667 %
17   254 37.69     0.357515    1.82405   38      66.6667 %
17   255 37.5      0.589976    3.01008   38      66.6667 %
17   256 37.56     0.43811     2.23525   38      66.6667 %
17   257 37.25     0.639148    3.26096   38      66.6667 %
17   258 36.81     0.86616     4.41918   38      66.6667 %
17   259 37.1      0.742567    3.78861   38      66.6667 %
17   260 37.26     0.606913    3.0965    38      66.6667 %
17   261 37.78     0.151514    0.77303   38      66.6667 %
17   262 37.03     0.75857     3.87026   38      66.6667 %
17   263 37.43     0.538936    2.74967   38      66.6667 %
17   264 37.29     0.538965    2.74982   38      66.6667 %
17   265 37.61     0.418704    2.13624   38      66.6667 %
17   266 37.52     0.4409      2.24949   38      66.6667 %
17   267 36.91     0.856882    4.37185   38      66.6667 %
17   268 37.46     0.504857    2.5758    38      66.6667 %
17   269 37.72     0.219497    1.11988   38      66.6667 %
17   270 37.53     0.536916    2.73937   38      66.6667 %
17   271 37.62     0.31119     1.58771   38      66.6667 %
17   272 37.33     0.550195    2.80712   38      66.6667 %
17   273 37.79     0.230223    1.17461   38      66.6667 %
17   274 37.76     0.233278    1.1902    38      66.6667 %
17   275 37.45     0.623785    3.18258   38      66.6667 %
17   276 37.29     0.637883    3.25451   38      66.6667 %
17   277 37.73     0.350012    1.78577   38      66.6667 %
17   278 37.91     0.0927934   0.473436  38      66.6667 %
17   279 37        0.783505    3.99747   38      66.6667 %
17   280 37.71     0.386311    1.97098   38      66.6667 %
17   281 37.62     0.401565    2.0488    38      66.6667 %
17   282 37.93     0.0696734   0.355477  38      66.6667 %
17   283 37.97     0.0336035   0.171447  38      66.6667 %
17   284 37.69     0.207903    1.06073   38      66.6667 %
17   285 37.46     0.559541    2.8548    38      66.6667 %
17   286 37.79     0.233569    1.19168   38      66.6667 %
17   287 37.18     0.667075    3.40344   38      66.6667 %
17   288 37.89     0.159779    0.815197  38      66.6667 %
17   289 37.7      0.277885    1.41778   38      66.6667 %
17   290 37.72     0.337855    1.72375   38      66.6667 %
17   291 37.38     0.670209    3.41943   38      66.6667 %
17   292 37.45     0.439043    2.24002   38      66.6667 %
17   293 37.53     0.438229    2.23586   38      66.6667 %
17   294 37.79     0.277599    1.41632   38      66.6667 %
17   295 37.93     0.0847504   0.4324    38      66.6667 %
17   296 37.56     0.558083    2.84736   38      66.6667 %
17   297 37.14     0.733904    3.74441   38      66.6667 %
17   298 37        0.773034    3.94405   38      66.6667 %
17   299 37.54     0.434642    2.21756   38      66.6667 %
17   300 37.56     0.322867    1.64728   38      66.6667 %
17   301 37.51     0.485321    2.47613   38      66.6667 %
17   302 37.54     0.501773    2.56007   38      66.6667 %
17   303 37.21     0.668188    3.40912   38      66.6667 %
17   304 37.46     0.635522    3.24246   38      66.6667 %
17   305 37.38     0.636352    3.24669   38      66.6667 %
17   306 37.23     0.64307     3.28097   38      66.6667 %
17   307 37.6      0.387019    1.97459   38      66.6667 %
17   308 37.45     0.604835    3.08589   38      66.6667 %
17   309 37.6      0.468648    2.39106   38      66.6667 %
17   310 37.57     0.41625     2.12372   38      66.6667 %
17   311 36.46     0.933321    4.76184   38      66.6667 %
17   312 37.02     0.738627    3.7685    38      66.6667 %
17   313 37.93     0.0847504   0.4324    38      66.6667 %
17   314 37.67     0.387074    1.97487   38      66.6667 %
17   315 37.75     0.394344    2.01196   38      66.6667 %
17   316 37.76     0.219568    1.12025   38      66.6667 %
17   317 37.44     0.510893    2.6066    38      66.6667 %
17   318 37.43     0.485928    2.47923   38      66.6667 %
17   319 37.84     0.138509    0.706678  38      66.6667 %
17   320 37.54     0.546206    2.78677   38      66.6667 %
17   321 37.07     0.788567    4.0233    38      66.6667 %
17   322 37.74     0.413786    2.11115   38      66.6667 %
17   323 36.87     0.862551    4.40077   38      66.6667 %
17   324 37.75     0.325328    1.65983   38      66.6667 %
17   325 37.49     0.454776    2.32029   38      66.6667 %
17   326 37.06     0.685686    3.4984    38      66.6667 %
17   327 37.46     0.48606     2.4799    38      66.6667 %
17   328 37.77     0.200608    1.02351   38      66.6667 %
17   329 37.06     0.707961    3.61204   38      66.6667 %
17   330 37.36     0.616366    3.14472   38      66.6667 %
17   331 37.81     0.184149    0.939536  38      66.6667 %
17   332 37.78     0.308435    1.57365   38      66.6667 %
17   333 37.53     0.55399     2.82648   38      66.6667 %
17   334 37.58     0.428129    2.18433   38      66.6667 %
17   335 37.72     0.23487     1.19832   38      66.6667 %
17   336 37.76     0.255507    1.30361   38      66.6667 %
17   337 37.43     0.567006    2.89289   38      66.6667 %
17   338 37.67     0.461182    2.35297   38      66.6667 %
17   339 37        0.827347    4.22116   38      66.6667 %
17   340 37.65     0.455527    2.32412   38      66.6667 %
17   341 37.81     0.318481    1.6249    38      66.6667 %
17   342 36.81     0.914961    4.66817   38      66.6667 %
17   343 37.37     0.56591     2.88729   38      66.6667 %
17   344 36.96     0.837565    4.27329   38      66.6667 %
17   345 37.81     0.314804    1.60614   38      66.6667 %
17   346 36.8      0.750106    3.82707   38      66.6667 %
17   347 37.4      0.536587    2.73769   38      66.6667 %
17   348 37.07     0.788567    4.0233    38      66.6667 %
17   349 36.96     0.954493    4.86986   38      66.6667 %
17   350 37.34     0.511576    2.61008   38      66.6667 %
17   351 37.09     0.686407    3.50208   38      66.6667 %
17   352 37.64     0.371174    1.89374   38      66.6667 %
17   353 37.62     0.304892    1.55557   38      66.6667 %
17   354 37.78     0.250073    1.27588   38      66.6667 %
17   355 37.62     0.335203    1.71022   38      66.6667 %
17   356 37.57     0.423642    2.16144   38      66.6667 %
17   357 37.69     0.282311    1.44036   38      66.6667 %
17   358 37.67     0.40183     2.05015   38      66.6667 %
17   359 37.86     0.195047    0.99514   38      66.6667 %
17   360 37.63     0.445431    2.27261   38      66.6667 %
17   361 37.28     0.694827    3.54503   38      66.6667 %
17   362 37.69     0.48388     2.46877   38      66.6667 %
17   363 37.91     0.111763    0.570221  38      66.6667 %
17   364 37.04     0.79086     4.035     38      66.6667 %
17   365 37.62     0.279667    1.42687   38      66.6667 %
17   366 37.71     0.36884     1.88184   38      66.6667 %
17   367 37.54     0.509448    2.59922   38      66.6667 %
17   368 36.94     0.83194     4.24459   38      66.6667 %
17   369 37.51     0.408952    2.08649   38      66.6667 %
17   370 37.06     0.735383    3.75196   38      66.6667 %
17   371 37.83     0.160167    0.817177  38      66.6667 %
17   372 37.6      0.401777    2.04988   38      66.6667 %
17   373 37.66     0.376055    1.91865   38      66.6667 %
17   374 37.69     0.438442    2.23695   38      66.6667 %
17   375 37.48     0.494026    2.52054   38      66.6667 %
17   376 37.89     0.0960806   0.490207  38      66.6667 %
17   377 37.72     0.324976    1.65804   38      66.6667 %
17   378 37.35     0.598385    3.05298   38      66.6667 %
17   379 37.67     0.450972    2.30088   38      66.6667 %
17   380 37.45     0.412617    2.10519   38      66.6667 %
17   381 37.58     0.515324    2.62921   38      66.6667 %
17   382 37.4      0.562709    2.87096   38      66.6667 %
17   383 37.6      0.467819    2.38683   38      66.6667 %
17   384 37.55     0.425579    2.17132   38      66.6667 %
17   385 37.87     0.143828    0.733815  38      66.6667 %
17   386 37.34     0.556621    2.8399    38      66.6667 %
17   387 37.59     0.419814    2.14191   38      66.6667 %
17   388 37.77     0.215528    1.09963   38      66.6667 %
17   389 37.29     0.654695    3.34028   38      66.6667 %
17   390 37.68     0.414966    2.11717   38      66.6667 %
17   391 37.12     0.621232    3.16955   38      66.6667 %
17   392 37.46     0.540493    2.75762   38      66.6667 %
17   393 37.53     0.520774    2.65701   38      66.6667 %
17   394 37.58     0.512304    2.61379   38      66.6667 %
17   395 37.32     0.570162    2.90899   38      66.6667 %
17   396 37.34     0.626172    3.19476   38      66.6667 %
17   397 37.42     0.618038    3.15326   38      66.6667 %
17   398 37.63     0.280878    1.43305   38      66.6667 %
17   399 37.67     0.27586     1.40745   38      66.6667 %
17   400 37.34     0.57581     2.93781   38      66.6667 %
