Run  RI  Mean      95% CI      SD        Best    % Correct 
20   0   14.02     0.669166    3.41411   23      40.3509 %
20   1   23.53     0.105916    0.540389  25      43.8596 %
20   2   24.97     0.270748    1.38137   26      45.614  %
20   3   27.07     0.0750364   0.382839  28      49.1228 %
20   4   27.59     0.529376    2.7009    29      50.8772 %
20   5   28.78     0.304637    1.55427   29      50.8772 %
20   6   28.79     0.292571    1.49271   29      50.8772 %
20   7   28.52     0.415527    2.12003   29      50.8772 %
20   8   29.87     0.198273    1.0116    30      52.6316 %
20   9   29.45     0.458921    2.34144   30      52.6316 %
20   10  29.66     0.315451    1.60944   30      52.6316 %
20   11  29.52     0.390492    1.99231   30      52.6316 %
20   12  29.23     0.51054     2.60479   30      52.6316 %
20   13  29.69     0.393674    2.00854   30      52.6316 %
20   14  29.93     0.0847504   0.4324    30      52.6316 %
20   15  29.91     0.142309    0.726066  30      52.6316 %
20   16  29.56     0.411624    2.10012   30      52.6316 %
20   17  29.66     0.329882    1.68307   30      52.6316 %
20   18  29.49     0.443545    2.26299   30      52.6316 %
20   19  29.88     0.216292    1.10353   30      52.6316 %
20   20  28.91     0.648621    3.30929   30      52.6316 %
20   21  29.96     0.186712    0.952615  31      54.386  %
20   22  30.57     0.463029    2.36239   31      54.386  %
20   23  30.76     0.273124    1.39349   31      54.386  %
20   24  30.23     0.577583    2.94685   31      54.386  %
20   25  30.76     0.335596    1.71223   31      54.386  %
20   26  31.4      0.228029    1.16342   32      56.1404 %
20   27  31.43     0.511603    2.61022   32      56.1404 %
20   28  32.9      0.0590962   0.301511  33      57.8947 %
20   29  32.69     0.375513    1.91588   33      57.8947 %
20   30  32.31     0.609513    3.10976   33      57.8947 %
20   31  32.76     0.262991    1.34179   33      57.8947 %
20   32  32.44     0.48598     2.47949   33      57.8947 %
20   33  32.5      0.456484    2.329     33      57.8947 %
20   34  32.47     0.482884    2.4637    33      57.8947 %
20   35  32.61     0.485641    2.47776   33      57.8947 %
20   36  32.78     0.235694    1.20252   33      57.8947 %
20   37  32.52     0.452197    2.30713   33      57.8947 %
20   38  32.33     0.536627    2.73789   33      57.8947 %
20   39  32.53     0.409862    2.09113   33      57.8947 %
20   40  32.86     0.236418    1.20621   33      57.8947 %
20   41  32.47     0.492433    2.51241   33      57.8947 %
20   42  32.53     0.458143    2.33746   33      57.8947 %
20   43  32.37     0.585457    2.98703   33      57.8947 %
20   44  32.78     0.24695     1.25995   33      57.8947 %
20   45  32.09     0.645022    3.29093   33      57.8947 %
20   46  32.24     0.607233    3.09813   33      57.8947 %
20   47  32.7      0.339482    1.73205   33      57.8947 %
20   48  32.76     0.217794    1.11119   33      57.8947 %
20   49  32.22     0.62142     3.17051   33      57.8947 %
20   50  32.42     0.517579    2.64071   33      57.8947 %
20   51  32.69     0.343115    1.75058   33      57.8947 %
20   52  32.7      0.26059     1.32954   33      57.8947 %
20   53  32.67     0.344649    1.75841   33      57.8947 %
20   54  32.03     0.664204    3.3888    33      57.8947 %
20   55  32.32     0.592195    3.02141   33      57.8947 %
20   56  32.68     0.334159    1.70489   33      57.8947 %
20   57  32.05     0.733563    3.74267   33      57.8947 %
20   58  32.59     0.301455    1.53804   33      57.8947 %
20   59  32.48     0.469045    2.39309   33      57.8947 %
20   60  32.81     0.206028    1.05117   33      57.8947 %
20   61  32.82     0.19377     0.988622  33      57.8947 %
20   62  32.56     0.449477    2.29325   33      57.8947 %
20   63  32.25     0.587257    2.99621   33      57.8947 %
20   64  32.67     0.352442    1.79818   33      57.8947 %
20   65  32.69     0.356427    1.81851   33      57.8947 %
20   66  32.77     0.22948     1.17082   33      57.8947 %
20   67  32.52     0.469045    2.39309   33      57.8947 %
20   68  32.56     0.502469    2.56361   33      57.8947 %
20   69  32.15     0.620667    3.16667   33      57.8947 %
20   70  32.61     0.374685    1.91166   33      57.8947 %
20   71  32.52     0.407988    2.08157   33      57.8947 %
20   72  32.3      0.58203     2.96954   33      57.8947 %
20   73  32.53     0.431987    2.20401   33      57.8947 %
20   74  32.45     0.485225    2.47564   33      57.8947 %
20   75  32.19     0.642369    3.27739   33      57.8947 %
20   76  32.49     0.471533    2.40578   33      57.8947 %
20   77  32.81     0.265305    1.3536    33      57.8947 %
20   78  32.5      0.532595    2.71732   33      57.8947 %
20   79  32.87     0.146501    0.747454  33      57.8947 %
20   80  32.67     0.379992    1.93873   33      57.8947 %
20   81  32.72     0.398947    2.03544   33      57.8947 %
20   82  32.32     0.505978    2.58152   33      57.8947 %
20   83  32.49     0.551913    2.81588   33      57.8947 %
20   84  32.23     0.586252    2.99108   33      57.8947 %
20   85  32.59     0.448418    2.28785   33      57.8947 %
20   86  32.61     0.308831    1.57567   33      57.8947 %
20   87  32.33     0.499941    2.55072   33      57.8947 %
20   88  32.38     0.54504     2.78081   33      57.8947 %
20   89  32.28     0.559306    2.8536    33      57.8947 %
20   90  32.68     0.315032    1.60731   33      57.8947 %
20   91  32.74     0.307225    1.56747   33      57.8947 %
20   92  32.58     0.462967    2.36207   33      57.8947 %
20   93  32.75     0.245049    1.25025   33      57.8947 %
20   94  32.94     0.0544484   0.277798  33      57.8947 %
20   95  33.09     0.488191    2.49077   34      59.6491 %
20   96  33.61     0.383893    1.95864   34      59.6491 %
20   97  33.59     0.427145    2.17931   34      59.6491 %
20   98  33.73     0.360928    1.84147   34      59.6491 %
20   99  33.42     0.508502    2.5944    34      59.6491 %
20   100 33.48     0.571929    2.918     34      59.6491 %
20   101 33.65     0.383367    1.95595   34      59.6491 %
20   102 33.81     0.333945    1.7038    34      59.6491 %
20   103 32.98     0.669166    3.41411   34      59.6491 %
20   104 33.34     0.521343    2.65992   34      59.6491 %
20   105 33.18     0.699447    3.56861   34      59.6491 %
20   106 33.58     0.458757    2.34059   34      59.6491 %
20   107 33.08     0.718764    3.66716   34      59.6491 %
20   108 33.24     0.665176    3.39376   34      59.6491 %
20   109 33.63     0.421254    2.14925   34      59.6491 %
20   110 33.28     0.530829    2.70831   34      59.6491 %
20   111 33.89     0.127343    0.649709  34      59.6491 %
20   112 33.45     0.512451    2.61455   34      59.6491 %
20   113 33.67     0.391063    1.99522   34      59.6491 %
20   114 33.22     0.642904    3.28012   34      59.6491 %
20   115 33.76     0.18919     0.965255  34      59.6491 %
20   116 33.66     0.39811     2.03117   34      59.6491 %
20   117 33.65     0.398261    2.03194   34      59.6491 %
20   118 33.03     0.719721    3.67205   34      59.6491 %
20   119 33.86     0.169501    0.8648    34      59.6491 %
20   120 33.79     0.31677     1.61617   34      59.6491 %
20   121 33.65     0.364693    1.86068   34      59.6491 %
20   122 33.47     0.427472    2.18098   34      59.6491 %
20   123 33.6      0.374794    1.91221   34      59.6491 %
20   124 33.85     0.185576    0.946818  34      59.6491 %
20   125 33.44     0.532464    2.71665   34      59.6491 %
20   126 33.47     0.571912    2.91792   34      59.6491 %
20   127 33.94     0.0827347   0.422116  34      59.6491 %
20   128 33.69     0.358598    1.82958   34      59.6491 %
20   129 33.91     0.124881    0.63715   34      59.6491 %
20   130 33.66     0.348194    1.7765    34      59.6491 %
20   131 33.36     0.576012    2.93884   34      59.6491 %
20   132 33.13     0.62209     3.17393   34      59.6491 %
20   133 33.39     0.461888    2.35657   34      59.6491 %
20   134 33.74     0.317168    1.6182    34      59.6491 %
20   135 33.26     0.645939    3.2956    34      59.6491 %
20   136 33.52     0.453054    2.3115    34      59.6491 %
20   137 33.49     0.516314    2.63425   34      59.6491 %
20   138 33.34     0.558709    2.85055   34      59.6491 %
20   139 33.8      0.196987    1.00504   34      59.6491 %
20   140 33.62     0.35652     1.81898   34      59.6491 %
20   141 33.83     0.157725    0.804721  34      59.6491 %
20   142 33.28     0.579746    2.95789   34      59.6491 %
20   143 33.65     0.316868    1.61667   34      59.6491 %
20   144 33.95     0.098       0.5       34      59.6491 %
20   145 32.77     0.765901    3.90766   34      59.6491 %
20   146 33.5      0.464907    2.37197   34      59.6491 %
20   147 33.75     0.287325    1.46594   34      59.6491 %
20   148 33.05     0.718059    3.66357   34      59.6491 %
20   149 33.36     0.58999     3.01015   34      59.6491 %
20   150 33.36     0.534065    2.72482   34      59.6491 %
20   151 33.33     0.579059    2.95438   34      59.6491 %
20   152 33.83     0.294896    1.50457   34      59.6491 %
20   153 33.52     0.506438    2.58387   34      59.6491 %
20   154 33.56     0.396253    2.0217    34      59.6491 %
20   155 33.57     0.468859    2.39214   34      59.6491 %
20   156 33.3      0.603631    3.07975   34      59.6491 %
20   157 33.22     0.54986     2.80541   34      59.6491 %
20   158 33.59     0.404755    2.06508   34      59.6491 %
20   159 33.31     0.59924     3.05735   34      59.6491 %
20   160 32.98     0.673213    3.43476   34      59.6491 %
20   161 33.42     0.523542    2.67113   34      59.6491 %
20   162 33.6      0.422491    2.15557   34      59.6491 %
20   163 33.79     0.28038     1.43051   34      59.6491 %
20   164 33.7      0.303258    1.54724   34      59.6491 %
20   165 33.81     0.159292    0.812715  34      59.6491 %
20   166 33.42     0.434428    2.21647   34      59.6491 %
20   167 33        0.730714    3.72813   34      59.6491 %
20   168 33.78     0.260709    1.33015   34      59.6491 %
20   169 33.24     0.623626    3.18177   34      59.6491 %
20   170 33.37     0.514175    2.62334   34      59.6491 %
20   171 33.28     0.577062    2.94419   34      59.6491 %
20   172 33.57     0.446823    2.27971   34      59.6491 %
20   173 33.27     0.586252    2.99108   34      59.6491 %
20   174 33.97     0.0436495   0.222702  34      59.6491 %
20   175 33.07     0.686498    3.50254   34      59.6491 %
20   176 33.49     0.457329    2.33331   34      59.6491 %
20   177 33.37     0.574754    2.93242   34      59.6491 %
20   178 33.3      0.645866    3.29524   34      59.6491 %
20   179 33.6      0.39594     2.0201    34      59.6491 %
20   180 33.28     0.526425    2.68584   34      59.6491 %
20   181 33.76     0.396057    2.0207    34      59.6491 %
20   182 33.39     0.572888    2.9229    34      59.6491 %
20   183 33.89     0.194799    0.99387   35      61.4035 %
20   184 34.62     0.331712    1.69241   35      61.4035 %
20   185 34.2      0.639527    3.26289   35      61.4035 %
20   186 34.45     0.464803    2.37144   35      61.4035 %
20   187 34.51     0.520058    2.65336   35      61.4035 %
20   188 34.82     0.203537    1.03845   35      61.4035 %
20   189 34.45     0.493158    2.51611   35      61.4035 %
20   190 34.59     0.36863     1.88076   35      61.4035 %
20   191 34.33     0.626689    3.19739   35      61.4035 %
20   192 34.53     0.474781    2.42235   35      61.4035 %
20   193 34.29     0.57922     2.9552    35      61.4035 %
20   194 34.61     0.376751    1.9222    35      61.4035 %
20   195 34.6      0.410377    2.09376   35      61.4035 %
20   196 34.52     0.451338    2.30274   35      61.4035 %
20   197 34        0.665689    3.39637   35      61.4035 %
20   198 34.48     0.535487    2.73208   35      61.4035 %
20   199 34.1      0.794082    4.05144   35      61.4035 %
20   200 34.56     0.327639    1.67163   35      61.4035 %
20   201 34.73     0.315001    1.60715   35      61.4035 %
20   202 34.62     0.404453    2.06354   35      61.4035 %
20   203 33.95     0.805182    4.10807   35      61.4035 %
20   204 34.9      0.0984937   0.502519  35      61.4035 %
20   205 34.21     0.558066    2.84727   35      61.4035 %
20   206 34.76     0.311614    1.58987   35      61.4035 %
20   207 34.54     0.430155    2.19467   35      61.4035 %
20   208 34.89     0.159779    0.815197  35      61.4035 %
20   209 34.73     0.252044    1.28594   35      61.4035 %
20   210 33.69     0.849422    4.33379   35      61.4035 %
20   211 34.11     0.7178      3.66224   35      61.4035 %
20   212 34.94     0.0672071   0.342893  35      61.4035 %
20   213 34.18     0.651775    3.32538   35      61.4035 %
20   214 34.73     0.306257    1.56253   35      61.4035 %
20   215 34.67     0.40183     2.05015   35      61.4035 %
20   216 34.08     0.657289    3.35351   35      61.4035 %
20   217 34.66     0.401023    2.04604   35      61.4035 %
20   218 34.43     0.578523    2.95165   35      61.4035 %
20   219 34.5      0.514812    2.62659   35      61.4035 %
20   220 33.87     0.767824    3.91747   35      61.4035 %
20   221 34.22     0.636839    3.24918   35      61.4035 %
20   222 33.84     0.790271    4.03199   35      61.4035 %
20   223 34.84     0.17777     0.906987  35      61.4035 %
20   224 34.34     0.542499    2.76785   35      61.4035 %
20   225 34.71     0.403026    2.05625   35      61.4035 %
20   226 34.54     0.453003    2.31124   35      61.4035 %
20   227 34.64     0.458198    2.33774   35      61.4035 %
20   228 34.66     0.467172    2.38353   35      61.4035 %
20   229 34.55     0.513964    2.62226   35      61.4035 %
20   230 34.03     0.644637    3.28896   35      61.4035 %
20   231 34.31     0.640554    3.26814   35      61.4035 %
20   232 34.87     0.235818    1.20315   35      61.4035 %
20   233 34.36     0.639236    3.26141   35      61.4035 %
20   234 34.63     0.483045    2.46452   35      61.4035 %
20   235 34.44     0.523646    2.67166   35      61.4035 %
20   236 33.58     0.87129     4.44536   35      61.4035 %
20   237 34.49     0.493252    2.51659   35      61.4035 %
20   238 34.65     0.387395    1.9765    35      61.4035 %
20   239 34.57     0.499319    2.54755   35      61.4035 %
20   240 34.68     0.447365    2.28248   35      61.4035 %
20   241 34.58     0.479437    2.44611   35      61.4035 %
20   242 34.83     0.314014    1.60211   35      61.4035 %
20   243 34.81     0.254861    1.30031   35      61.4035 %
20   244 34.89     0.178151    0.908934  35      61.4035 %
20   245 34.9      0.090271    0.460566  35      61.4035 %
20   246 34.8      0.262814    1.34089   35      61.4035 %
20   247 34.86     0.255355    1.30283   35      61.4035 %
20   248 34.61     0.416846    2.12677   35      61.4035 %
20   249 34.55     0.445187    2.27136   35      61.4035 %
20   250 34.08     0.656107    3.34749   35      61.4035 %
20   251 34.44     0.546845    2.79003   35      61.4035 %
20   252 34.63     0.381622    1.94705   35      61.4035 %
20   253 34.48     0.47887     2.44321   35      61.4035 %
20   254 34.56     0.41817     2.13352   35      61.4035 %
20   255 34.66     0.321542    1.64052   35      61.4035 %
20   256 34.77     0.319891    1.6321    35      61.4035 %
20   257 34.16     0.631418    3.22152   35      61.4035 %
20   258 34.74     0.327994    1.67344   35      61.4035 %
20   259 34.48     0.494026    2.52054   35      61.4035 %
20   260 34.67     0.326138    1.66397   35      61.4035 %
20   261 34.13     0.673602    3.43674   35      61.4035 %
20   262 34.15     0.699999    3.57142   35      61.4035 %
20   263 34.54     0.49633     2.5323    35      61.4035 %
20   264 34.1      0.675813    3.44803   35      61.4035 %
20   265 33.31     0.960481    4.90041   35      61.4035 %
20   266 34.35     0.605476    3.08916   35      61.4035 %
20   267 34.43     0.522113    2.66384   35      61.4035 %
20   268 34.54     0.449563    2.29369   35      61.4035 %
20   269 34.31     0.520953    2.65792   35      61.4035 %
20   270 34.91     0.108236    0.552222  35      61.4035 %
20   271 34.64     0.418356    2.13447   35      61.4035 %
20   272 34.4      0.534413    2.7266    35      61.4035 %
20   273 34.46     0.473114    2.41385   35      61.4035 %
20   274 34.69     0.302226    1.54197   35      61.4035 %
20   275 34.94     0.0544484   0.277798  35      61.4035 %
20   276 34.84     0.220626    1.12564   35      61.4035 %
20   277 34.08     0.69012     3.52102   35      61.4035 %
20   278 34.54     0.47801     2.43883   35      61.4035 %
20   279 34.33     0.602057    3.07172   35      61.4035 %
20   280 34.5      0.447036    2.28079   35      61.4035 %
20   281 34.2      0.693105    3.53625   35      61.4035 %
20   282 34.58     0.396116    2.021     35      61.4035 %
20   283 34.09     0.777586    3.96728   35      61.4035 %
20   284 34.57     0.431807    2.2031    35      61.4035 %
20   285 34.95     0.0511788   0.261116  35      61.4035 %
20   286 34.43     0.555948    2.83647   35      61.4035 %
20   287 34.5      0.42295     2.15791   35      61.4035 %
20   288 34.02     0.732825    3.7389    35      61.4035 %
20   289 34.19     0.683348    3.48647   35      61.4035 %
20   290 34.72     0.37797     1.92842   35      61.4035 %
20   291 34.34     0.583176    2.97539   35      61.4035 %
20   292 34.17     0.659867    3.36667   35      61.4035 %
20   293 34.5      0.483723    2.46798   35      61.4035 %
20   294 34.52     0.536934    2.73946   35      61.4035 %
20   295 34.39     0.512088    2.61269   35      61.4035 %
20   296 34.25     0.614383    3.13461   35      61.4035 %
20   297 34.99     0.0196      0.1       35      61.4035 %
20   298 34.39     0.587601    2.99796   35      61.4035 %
20   299 34.2      0.593583    3.02848   35      61.4035 %
20   300 34.85     0.211016    1.07661   35      61.4035 %
20   301 34.75     0.238631    1.21751   35      61.4035 %
20   302 34.8      0.17838     0.9101    35      61.4035 %
20   303 34.27     0.590867    3.01463   35      61.4035 %
20   304 34.4      0.532231    2.71546   35      61.4035 %
20   305 34.43     0.400088    2.04127   35      61.4035 %
20   306 34.97     0.0336035   0.171447  35      61.4035 %
20   307 34.53     0.462358    2.35897   35      61.4035 %
20   308 34.59     0.461216    2.35314   35      61.4035 %
20   309 34.38     0.6159      3.14235   35      61.4035 %
20   310 34.15     0.691072    3.52588   35      61.4035 %
20   311 34.75     0.396307    2.02198   35      61.4035 %
20   312 34.4      0.538752    2.74874   35      61.4035 %
20   313 34.39     0.52555     2.68138   35      61.4035 %
20   314 34.3      0.537671    2.74322   35      61.4035 %
20   315 34.48     0.52228     2.6647    35      61.4035 %
20   316 33.88     0.746101    3.80664   35      61.4035 %
20   317 34.13     0.620216    3.16437   35      61.4035 %
20   318 34.49     0.441792    2.25404   35      61.4035 %
20   319 34.52     0.399336    2.03743   35      61.4035 %
20   320 34.79     0.203375    1.03763   35      61.4035 %
20   321 33.98     0.720004    3.67349   35      61.4035 %
20   322 34.47     0.458143    2.33746   35      61.4035 %
20   323 34.82     0.299239    1.52673   35      61.4035 %
20   324 34.59     0.388115    1.98018   35      61.4035 %
20   325 34.77     0.317455    1.61967   35      61.4035 %
20   326 34.4      0.512167    2.6131    35      61.4035 %
20   327 34.28     0.574366    2.93044   35      61.4035 %
20   328 34.4      0.538752    2.74874   35      61.4035 %
20   329 34.76     0.345846    1.76452   35      61.4035 %
20   330 34.21     0.639706    3.26381   35      61.4035 %
20   331 34.08     0.714432    3.64506   35      61.4035 %
20   332 34.36     0.541998    2.7653    35      61.4035 %
20   333 34.8      0.262814    1.34089   35      61.4035 %
20   334 34.78     0.303361    1.54776   35      61.4035 %
20   335 34.65     0.460609    2.35005   35      61.4035 %
20   336 34.38     0.486348    2.48136   35      61.4035 %
20   337 34.75     0.296628    1.51341   35      61.4035 %
20   338 34.75     0.285971    1.45904   35      61.4035 %
20   339 34.76     0.285625    1.45727   35      61.4035 %
20   340 34.84     0.146673    0.748331  35      61.4035 %
20   341 34.28     0.635925    3.24451   35      61.4035 %
20   342 34.78     0.355212    1.8123    35      61.4035 %
20   343 34.36     0.562377    2.86927   35      61.4035 %
20   344 34.43     0.550336    2.80784   35      61.4035 %
20   345 34.58     0.456212    2.32761   35      61.4035 %
20   346 34.57     0.430907    2.19851   35      61.4035 %
20   347 34.38     0.552816    2.82049   35      61.4035 %
20   348 34.39     0.540116    2.75569   35      61.4035 %
20   349 34.52     0.494811    2.52455   35      61.4035 %
20   350 34.75     0.284611    1.4521    35      61.4035 %
20   351 34.42     0.496924    2.53533   35      61.4035 %
20   352 34.92     0.0910414   0.464497  35      61.4035 %
20   353 34.1      0.67925     3.46556   35      61.4035 %
20   354 34.63     0.387675    1.97793   35      61.4035 %
20   355 34.69     0.349834    1.78487   35      61.4035 %
20   356 34.56     0.433659    2.21254   35      61.4035 %
20   357 34.31     0.612054    3.12273   35      61.4035 %
20   358 34.44     0.570461    2.91052   35      61.4035 %
20   359 34.14     0.678404    3.46124   35      61.4035 %
20   360 34.21     0.538965    2.74982   35      61.4035 %
20   361 34.53     0.504115    2.57201   35      61.4035 %
20   362 34.85     0.168018    0.857233  35      61.4035 %
20   363 34.55     0.514718    2.62611   35      61.4035 %
20   364 34.82     0.228675    1.16671   35      61.4035 %
20   365 34.84     0.149295    0.76171   35      61.4035 %
20   366 34.95     0.0806206   0.411329  35      61.4035 %
20   367 34.24     0.574393    2.93058   35      61.4035 %
20   368 34.17     0.656329    3.34862   35      61.4035 %
20   369 34.03     0.712133    3.63333   35      61.4035 %
20   370 34.55     0.46813     2.38842   35      61.4035 %
20   371 34.22     0.668934    3.41293   35      61.4035 %
20   372 34.38     0.607015    3.09702   35      61.4035 %
20   373 34.69     0.371357    1.89468   35      61.4035 %
20   374 34.77     0.299855    1.52987   35      61.4035 %
20   375 34.01     0.700065    3.57176   35      61.4035 %
20   376 34.69     0.347609    1.77351   35      61.4035 %
20   377 34.52     0.472343    2.40991   35      61.4035 %
20   378 34.25     0.635494    3.24232   35      61.4035 %
20   379 34.57     0.401057    2.04621   35      61.4035 %
20   380 34.48     0.487702    2.48828   35      61.4035 %
20   381 34.34     0.581176    2.96519   35      61.4035 %
20   382 34.58     0.417111    2.12812   35      61.4035 %
20   383 34.86     0.118258    0.603358  35      61.4035 %
20   384 34.51     0.504915    2.57609   35      61.4035 %
20   385 34.88     0.142812    0.728635  35      61.4035 %
20   386 34.78     0.257715    1.31487   35      61.4035 %
20   387 34.85     0.274902    1.40256   35      61.4035 %
20   388 34.59     0.397988    2.03055   35      61.4035 %
20   389 34.61     0.468561    2.39062   35      61.4035 %
20   390 34.13     0.630763    3.21818   35      61.4035 %
20   391 34.97     0.0336035   0.171447  35      61.4035 %
20   392 34.77     0.169123    0.86287   35      61.4035 %
20   393 34.76     0.326215    1.66436   35      61.4035 %
20   394 34.62     0.379711    1.9373    35      61.4035 %
20   395 34.26     0.515656    2.6309    35      61.4035 %
20   396 34.39     0.585616    2.98784   35      61.4035 %
20   397 34.2      0.660422    3.3695    35      61.4035 %
20   398 34.79     0.4116      2.1       35      61.4035 %
20   399 34.78     0.33728     1.72082   35      61.4035 %
20   400 33.8      0.837602    4.27348   35      61.4035 %
