Run  RI  Mean      95% CI      SD        Best    % Correct 
1    0   14.234    0.336123    3.83466   26      45.614  %
1    1   25.982    0.156507    1.78551   30      52.6316 %
1    2   29.914    0.100448    1.14596   32      56.1404 %
1    3   31.784    0.0775581   0.884822  34      59.6491 %
1    4   33.05     0.132705    1.51396   35      61.4035 %
1    5   34.984    0.0639819   0.729938  36      63.1579 %
1    6   36.158    0.114839    1.31014   38      66.6667 %
1    7   37.76     0.112583    1.28441   39      68.4211 %
1    8   38.788    0.0899536   1.02624   41      71.9298 %
1    9   39.96     0.161464    1.84206   41      71.9298 %
1    10  40.638    0.151337    1.72653   42      73.6842 %
1    11  41.486    0.198417    2.26364   43      75.4386 %
1    12  42.348    0.231792    2.64441   43      75.4386 %
1    13  42.54     0.167777    1.91409   43      75.4386 %
1    14  42.546    0.156758    1.78837   43      75.4386 %
1    15  42.592    0.158362    1.80667   44      77.193  %
1    16  43.326    0.154079    1.75781   44      77.193  %
1    17  43.492    0.168453    1.9218    45      78.9474 %
1    18  44.382    0.151569    1.72918   45      78.9474 %
1    19  44.386    0.238118    2.71657   45      78.9474 %
1    20  44.376    0.205597    2.34555   45      78.9474 %
1    21  44.486    0.165127    1.88385   45      78.9474 %
1    22  44.352    0.235372    2.68524   45      78.9474 %
1    23  44.636    0.153573    1.75204   45      78.9474 %
1    24  44.582    0.174764    1.9938    45      78.9474 %
1    25  44.506    0.17675     2.01646   45      78.9474 %
1    26  44.478    0.206994    2.3615    45      78.9474 %
1    27  44.436    0.228632    2.60835   45      78.9474 %
1    28  44.114    0.321055    3.66276   45      78.9474 %
1    29  44.49     0.207299    2.36497   45      78.9474 %
1    30  44.196    0.260485    2.97174   45      78.9474 %
1    31  44.62     0.132243    1.50869   46      80.7018 %
1    32  45.446    0.117426    1.33965   46      80.7018 %
1    33  45.58     0.202522    2.31047   47      82.4561 %
1    34  46.458    0.203822    2.32531   47      82.4561 %
1    35  46.33     0.222129    2.53416   47      82.4561 %
1    36  46.424    0.243034    2.77265   47      82.4561 %
1    37  46.538    0.187787    2.14237   47      82.4561 %
1    38  46.216    0.277149    3.16186   47      82.4561 %
1    39  46.274    0.273255    3.11743   47      82.4561 %
1    40  46.642    0.169272    1.93114   47      82.4561 %
1    41  46.596    0.140737    1.6056    47      82.4561 %
1    42  46.36     0.229179    2.61459   47      82.4561 %
1    43  46.334    0.252392    2.87941   47      82.4561 %
1    44  46.316    0.27907     3.18377   48      84.2105 %
1    45  47.554    0.19365     2.20926   48      84.2105 %
1    46  47.47     0.190807    2.17683   48      84.2105 %
1    47  47.232    0.261555    2.98395   48      84.2105 %
1    48  47.378    0.231397    2.6399    48      84.2105 %
1    49  47.27     0.290703    3.31649   48      84.2105 %
1    50  47.514    0.206329    2.35391   48      84.2105 %
1    51  47.64     0.173062    1.97439   48      84.2105 %
1    52  47.536    0.204811    2.33658   48      84.2105 %
1    53  47.466    0.260237    2.96892   48      84.2105 %
1    54  47.48     0.237156    2.70559   48      84.2105 %
1    55  47.464    0.189747    2.16473   48      84.2105 %
1    56  47.664    0.17476     1.99375   48      84.2105 %
1    57  47.472    0.237474    2.70922   48      84.2105 %
1    58  47.362    0.241041    2.74992   48      84.2105 %
1    59  47.436    0.249623    2.84783   48      84.2105 %
1    60  47.742    0.108865    1.24198   48      84.2105 %
1    61  47.334    0.247774    2.82673   48      84.2105 %
1    62  47.564    0.205658    2.34626   48      84.2105 %
1    63  47.41     0.266854    3.04441   48      84.2105 %
1    64  47.558    0.181747    2.07346   48      84.2105 %
1    65  47.762    0.111032    1.26671   48      84.2105 %
1    66  47.534    0.216081    2.46516   48      84.2105 %
1    67  47.44     0.250554    2.85845   48      84.2105 %
1    68  47.518    0.230573    2.6305    48      84.2105 %
1    69  47.256    0.295501    3.37123   48      84.2105 %
1    70  47.482    0.180962    2.06451   48      84.2105 %
1    71  47.248    0.294039    3.35455   48      84.2105 %
1    72  47.31     0.285044    3.25193   48      84.2105 %
1    73  47.176    0.292603    3.33816   48      84.2105 %
1    74  47.526    0.207733    2.36993   48      84.2105 %
1    75  47.512    0.22633     2.58209   48      84.2105 %
1    76  47.394    0.255489    2.91475   48      84.2105 %
1    77  47.596    0.205712    2.34687   48      84.2105 %
1    78  47.228    0.317766    3.62523   48      84.2105 %
1    79  47.276    0.291638    3.32716   48      84.2105 %
1    80  47.128    0.335118    3.8232    48      84.2105 %
1    81  47.416    0.275779    3.14623   48      84.2105 %
1    82  47.186    0.314201    3.58456   48      84.2105 %
1    83  47.506    0.226808    2.58754   48      84.2105 %
1    84  47.55     0.221476    2.52671   48      84.2105 %
1    85  47.674    0.197365    2.25164   48      84.2105 %
1    86  47.518    0.202941    2.31525   48      84.2105 %
1    87  47.558    0.199052    2.27089   48      84.2105 %
1    88  47.31     0.287411    3.27893   48      84.2105 %
1    89  47.622    0.185613    2.11757   48      84.2105 %
1    90  47.478    0.26517     3.0252    48      84.2105 %
1    91  47.55     0.226766    2.58706   48      84.2105 %
1    92  47.554    0.204554    2.33366   48      84.2105 %
1    93  47.24     0.284727    3.24831   48      84.2105 %
1    94  47.49     0.247766    2.82664   48      84.2105 %
1    95  47.468    0.233218    2.66066   48      84.2105 %
1    96  46.878    0.393481    4.48903   48      84.2105 %
1    97  47.24     0.305643    3.48694   48      84.2105 %
1    98  47.324    0.305399    3.48415   48      84.2105 %
1    99  47.58     0.194533    2.21934   48      84.2105 %
1    100 47.39     0.295859    3.37531   48      84.2105 %
1    101 47.554    0.206502    2.35588   48      84.2105 %
1    102 47.38     0.259092    2.95585   48      84.2105 %
1    103 47.53     0.224198    2.55777   48      84.2105 %
1    104 47.618    0.188758    2.15345   48      84.2105 %
1    105 47.178    0.337393    3.84915   48      84.2105 %
1    106 47.442    0.243009    2.77237   48      84.2105 %
1    107 46.914    0.42133     4.80675   48      84.2105 %
1    108 47.572    0.262534    2.99512   48      84.2105 %
1    109 47.464    0.271584    3.09837   48      84.2105 %
1    110 47.22     0.350347    3.99694   48      84.2105 %
1    111 47.36     0.257524    2.93797   48      84.2105 %
1    112 47.488    0.242806    2.77005   48      84.2105 %
1    113 47.574    0.18647     2.12734   48      84.2105 %
1    114 47.49     0.245769    2.80386   48      84.2105 %
1    115 47.472    0.242034    2.76124   48      84.2105 %
1    116 47.28     0.301116    3.43529   48      84.2105 %
1    117 47.36     0.272853    3.11284   48      84.2105 %
1    118 47.528    0.257925    2.94254   48      84.2105 %
1    119 47.23     0.314565    3.58871   48      84.2105 %
1    120 47.358    0.316574    3.61164   48      84.2105 %
1    121 47.484    0.234284    2.67283   48      84.2105 %
1    122 47.354    0.289796    3.30614   48      84.2105 %
1    123 47.652    0.166267    1.89686   48      84.2105 %
1    124 47.41     0.260962    2.97718   48      84.2105 %
1    125 47.256    0.300769    3.43133   48      84.2105 %
1    126 47.392    0.253789    2.89536   48      84.2105 %
1    127 46.982    0.388307    4.43      48      84.2105 %
1    128 47.378    0.302055    3.44599   48      84.2105 %
1    129 47.252    0.302836    3.45491   48      84.2105 %
1    130 47.376    0.277278    3.16333   48      84.2105 %
1    131 47.35     0.310604    3.54353   48      84.2105 %
1    132 47.484    0.267486    3.05162   48      84.2105 %
1    133 47.106    0.338355    3.86013   48      84.2105 %
1    134 47.418    0.278395    3.17607   48      84.2105 %
1    135 47.632    0.172309    1.96578   48      84.2105 %
1    136 47.292    0.305748    3.48813   48      84.2105 %
1    137 47.464    0.233015    2.65835   48      84.2105 %
1    138 47.218    0.323129    3.68641   48      84.2105 %
1    139 47.342    0.321631    3.66933   48      84.2105 %
1    140 47.52     0.218996    2.49842   48      84.2105 %
1    141 47.09     0.367614    4.19393   48      84.2105 %
1    142 47.196    0.321158    3.66394   48      84.2105 %
1    143 47.466    0.249915    2.85116   48      84.2105 %
1    144 47.478    0.23696     2.70336   48      84.2105 %
1    145 47.39     0.320154    3.65248   48      84.2105 %
1    146 47.49     0.25116     2.86537   48      84.2105 %
1    147 47.346    0.293617    3.34974   48      84.2105 %
1    148 47.414    0.273306    3.11802   48      84.2105 %
1    149 47.2      0.340727    3.88719   48      84.2105 %
1    150 47.438    0.272567    3.10958   48      84.2105 %
1    151 47.316    0.292433    3.33623   48      84.2105 %
1    152 47.352    0.305765    3.48833   48      84.2105 %
1    153 47.56     0.190914    2.17805   48      84.2105 %
1    154 47.524    0.275534    3.14344   48      84.2105 %
1    155 47.228    0.314698    3.59024   48      84.2105 %
1    156 46.96     0.405879    4.63047   48      84.2105 %
1    157 47.02     0.360784    4.116     48      84.2105 %
1    158 47.074    0.381616    4.35367   48      84.2105 %
1    159 47.254    0.316813    3.61436   48      84.2105 %
1    160 47.302    0.288332    3.28944   48      84.2105 %
1    161 47.374    0.309345    3.52917   48      84.2105 %
1    162 47.326    0.310706    3.54469   48      84.2105 %
1    163 47.528    0.228351    2.60515   48      84.2105 %
1    164 47.326    0.299965    3.42216   48      84.2105 %
1    165 47.122    0.341169    3.89222   48      84.2105 %
1    166 47.54     0.233076    2.65905   48      84.2105 %
1    167 47.552    0.193734    2.21022   48      84.2105 %
1    168 47.332    0.320729    3.65904   48      84.2105 %
1    169 47.398    0.294525    3.36009   48      84.2105 %
1    170 47.408    0.271142    3.09333   48      84.2105 %
1    171 46.934    0.399409    4.55666   48      84.2105 %
1    172 47.272    0.331682    3.784     48      84.2105 %
1    173 47.82     0.0770729   0.879287  48      84.2105 %
1    174 47.346    0.287309    3.27777   48      84.2105 %
1    175 47.018    0.402367    4.59041   48      84.2105 %
1    176 47.308    0.278144    3.17321   48      84.2105 %
1    177 47.314    0.299653    3.41859   48      84.2105 %
1    178 47.476    0.261603    2.9845    48      84.2105 %
1    179 46.996    0.380641    4.34255   48      84.2105 %
1    180 47.476    0.253715    2.89451   48      84.2105 %
1    181 47.19     0.345683    3.94373   48      84.2105 %
1    182 47.678    0.172258    1.96521   48      84.2105 %
1    183 47.394    0.264258    3.01479   48      84.2105 %
1    184 47.434    0.27732     3.16381   48      84.2105 %
1    185 47.442    0.263029    3.00077   48      84.2105 %
1    186 47.53     0.226181    2.58039   48      84.2105 %
1    187 47.568    0.229966    2.62357   48      84.2105 %
1    188 47.256    0.318956    3.63881   48      84.2105 %
1    189 47.448    0.247974    2.82901   48      84.2105 %
1    190 47.55     0.234181    2.67166   48      84.2105 %
1    191 47.312    0.306954    3.50188   48      84.2105 %
1    192 47.494    0.231644    2.64271   48      84.2105 %
1    193 47.14     0.367934    4.19758   48      84.2105 %
1    194 47.272    0.325023    3.70803   48      84.2105 %
1    195 47.448    0.255617    2.91621   48      84.2105 %
1    196 47.454    0.272252    3.10599   48      84.2105 %
1    197 47.004    0.406008    4.63194   48      84.2105 %
1    198 47.446    0.280925    3.20494   48      84.2105 %
1    199 47.238    0.339475    3.8729    48      84.2105 %
1    200 47.412    0.283695    3.23654   48      84.2105 %
1    201 47.54     0.231684    2.64317   48      84.2105 %
1    202 47.67     0.18256     2.08273   48      84.2105 %
1    203 47.208    0.314364    3.58643   48      84.2105 %
1    204 47.314    0.297539    3.39447   48      84.2105 %
1    205 47.534    0.245062    2.7958    48      84.2105 %
1    206 47.394    0.279547    3.18922   48      84.2105 %
1    207 47.464    0.291333    3.32367   48      84.2105 %
1    208 47.276    0.341177    3.89232   48      84.2105 %
1    209 47.526    0.240696    2.74598   48      84.2105 %
1    210 47.04     0.386725    4.41195   48      84.2105 %
1    211 47.35     0.307666    3.51001   48      84.2105 %
1    212 47.214    0.336729    3.84158   48      84.2105 %
1    213 47.512    0.253721    2.89458   48      84.2105 %
1    214 47.29     0.325968    3.71881   48      84.2105 %
1    215 47.536    0.257678    2.93973   48      84.2105 %
1    216 47.54     0.234131    2.67108   48      84.2105 %
1    217 47.402    0.272542    3.1093    48      84.2105 %
1    218 47.17     0.335594    3.82863   48      84.2105 %
1    219 47.462    0.25461     2.90473   48      84.2105 %
1    220 47.244    0.303597    3.46359   48      84.2105 %
1    221 47.452    0.28577     3.26021   48      84.2105 %
1    222 47.384    0.281985    3.21702   48      84.2105 %
1    223 46.91     0.408295    4.65804   48      84.2105 %
1    224 47.224    0.324405    3.70098   48      84.2105 %
1    225 47.346    0.316871    3.61503   48      84.2105 %
1    226 47.542    0.271974    3.10282   48      84.2105 %
1    227 47.586    0.252089    2.87596   48      84.2105 %
1    228 47.496    0.211855    2.41695   48      84.2105 %
1    229 47.296    0.328069    3.74278   48      84.2105 %
1    230 47.45     0.299294    3.4145    48      84.2105 %
1    231 47.484    0.269265    3.07191   48      84.2105 %
1    232 46.984    0.396023    4.51803   48      84.2105 %
1    233 47.436    0.271374    3.09598   48      84.2105 %
1    234 47.286    0.324955    3.70725   48      84.2105 %
1    235 47.586    0.197655    2.25494   48      84.2105 %
1    236 47.602    0.221825    2.53069   48      84.2105 %
1    237 47.264    0.319918    3.64979   48      84.2105 %
1    238 47.648    0.197138    2.24905   48      84.2105 %
1    239 47.546    0.198767    2.26763   48      84.2105 %
1    240 47.536    0.2569      2.93085   48      84.2105 %
1    241 47.378    0.301187    3.43609   48      84.2105 %
1    242 47.446    0.248529    2.83534   48      84.2105 %
1    243 47.236    0.326091    3.72021   48      84.2105 %
1    244 47.318    0.329947    3.7642    48      84.2105 %
1    245 47.548    0.247483    2.82341   48      84.2105 %
1    246 47.518    0.278041    3.17203   48      84.2105 %
1    247 47.548    0.223762    2.55279   48      84.2105 %
1    248 47.54     0.235507    2.68679   48      84.2105 %
1    249 47.574    0.239271    2.72973   48      84.2105 %
1    250 47.432    0.270514    3.08617   48      84.2105 %
1    251 47.098    0.387699    4.42307   48      84.2105 %
1    252 47.278    0.337739    3.8531    48      84.2105 %
1    253 47.318    0.328872    3.75194   48      84.2105 %
1    254 47.524    0.242545    2.76708   48      84.2105 %
1    255 47.482    0.258111    2.94466   48      84.2105 %
1    256 47.794    0.153072    1.74633   48      84.2105 %
1    257 47.348    0.310299    3.54005   48      84.2105 %
1    258 47.552    0.263332    3.00422   48      84.2105 %
1    259 47.254    0.331954    3.78711   48      84.2105 %
1    260 47.274    0.309106    3.52644   48      84.2105 %
1    261 47.55     0.261575    2.98418   48      84.2105 %
1    262 47.298    0.303657    3.46427   48      84.2105 %
1    263 47.062    0.367491    4.19253   48      84.2105 %
1    264 47.196    0.341647    3.89769   48      84.2105 %
1    265 47.592    0.224618    2.56255   48      84.2105 %
1    266 47.49     0.253783    2.89528   48      84.2105 %
1    267 47.386    0.315199    3.59595   48      84.2105 %
1    268 47.288    0.335869    3.83176   48      84.2105 %
1    269 47.622    0.222717    2.54087   48      84.2105 %
1    270 47.28     0.318414    3.63263   48      84.2105 %
1    271 46.92     0.405833    4.62995   48      84.2105 %
1    272 47.4      0.302422    3.45019   48      84.2105 %
1    273 47.354    0.330504    3.77056   48      84.2105 %
1    274 47.306    0.331988    3.78749   48      84.2105 %
1    275 47.496    0.293141    3.3443    48      84.2105 %
1    276 47.464    0.29128     3.32307   48      84.2105 %
1    277 47.594    0.239539    2.73278   48      84.2105 %
1    278 47.43     0.273623    3.12163   48      84.2105 %
1    279 47.58     0.213261    2.43299   48      84.2105 %
1    280 47.436    0.300864    3.43241   48      84.2105 %
1    281 47.394    0.285056    3.25206   48      84.2105 %
1    282 46.884    0.421183    4.80507   48      84.2105 %
1    283 47.38     0.30022     3.42506   48      84.2105 %
1    284 47.208    0.345135    3.93748   48      84.2105 %
1    285 47.55     0.258853    2.95312   48      84.2105 %
1    286 47.588    0.228234    2.60381   48      84.2105 %
1    287 47.57     0.213937    2.4407    48      84.2105 %
1    288 47.544    0.250457    2.85734   48      84.2105 %
1    289 47.448    0.308213    3.51625   48      84.2105 %
1    290 47.624    0.220974    2.52098   48      84.2105 %
1    291 47.01     0.417173    4.75933   48      84.2105 %
1    292 47.05     0.387809    4.42432   48      84.2105 %
1    293 47.416    0.270707    3.08837   48      84.2105 %
1    294 47.556    0.260385    2.97061   48      84.2105 %
1    295 47.722    0.177679    2.02705   48      84.2105 %
1    296 47.202    0.353341    4.03109   48      84.2105 %
1    297 47.332    0.327193    3.73278   48      84.2105 %
1    298 47.52     0.239353    2.73066   48      84.2105 %
1    299 47.244    0.334162    3.81229   48      84.2105 %
1    300 47.156    0.356102    4.06259   48      84.2105 %
1    301 47.574    0.241322    2.75312   48      84.2105 %
1    302 47.336    0.31055     3.54291   48      84.2105 %
1    303 47.422    0.279948    3.19379   48      84.2105 %
1    304 47.31     0.309193    3.52743   48      84.2105 %
1    305 47.458    0.248608    2.83625   48      84.2105 %
1    306 47.5      0.276769    3.15752   48      84.2105 %
1    307 47.646    0.228275    2.60428   48      84.2105 %
1    308 47.5      0.283529    3.23464   48      84.2105 %
1    309 47.608    0.234688    2.67744   48      84.2105 %
1    310 47.534    0.261064    2.97835   48      84.2105 %
1    311 47.498    0.251713    2.87167   48      84.2105 %
1    312 47.382    0.269241    3.07164   48      84.2105 %
1    313 47.662    0.202753    2.31311   48      84.2105 %
1    314 47.13     0.362545    4.1361    48      84.2105 %
1    315 47.602    0.220712    2.51799   48      84.2105 %
1    316 47.306    0.300076    3.42342   48      84.2105 %
1    317 47.364    0.330397    3.76934   48      84.2105 %
1    318 47.484    0.262078    2.98992   48      84.2105 %
1    319 47.71     0.205134    2.34027   48      84.2105 %
1    320 47.526    0.268514    3.06335   48      84.2105 %
1    321 47.378    0.316054    3.60571   48      84.2105 %
1    322 47.328    0.306574    3.49755   48      84.2105 %
1    323 47.572    0.264229    3.01446   48      84.2105 %
1    324 47.664    0.222648    2.54008   48      84.2105 %
1    325 47.36     0.286452    3.26799   48      84.2105 %
1    326 47.514    0.295128    3.36697   48      84.2105 %
1    327 47.568    0.27148     3.09719   48      84.2105 %
1    328 47.712    0.193212    2.20426   48      84.2105 %
1    329 47.344    0.280906    3.20472   48      84.2105 %
1    330 47.42     0.292584    3.33795   48      84.2105 %
1    331 47.644    0.195907    2.23501   48      84.2105 %
1    332 47.406    0.29334     3.34657   48      84.2105 %
1    333 47.456    0.286528    3.26886   48      84.2105 %
1    334 47.248    0.363366    4.14546   48      84.2105 %
1    335 47.394    0.277557    3.16652   48      84.2105 %
1    336 47.742    0.184955    2.11006   48      84.2105 %
1    337 47.698    0.192848    2.20011   48      84.2105 %
1    338 47.628    0.241403    2.75405   48      84.2105 %
1    339 47.342    0.315931    3.60431   48      84.2105 %
1    340 47.298    0.307286    3.50568   48      84.2105 %
1    341 47.058    0.414477    4.72857   48      84.2105 %
1    342 47.522    0.242737    2.76927   48      84.2105 %
1    343 47.5      0.289388    3.30148   48      84.2105 %
1    344 47.452    0.303334    3.46058   48      84.2105 %
1    345 47.246    0.3494      3.98613   48      84.2105 %
1    346 47.284    0.336719    3.84147   48      84.2105 %
1    347 47.576    0.238751    2.7238    48      84.2105 %
1    348 47.458    0.252053    2.87555   48      84.2105 %
1    349 47.144    0.363586    4.14797   48      84.2105 %
1    350 47.324    0.297999    3.39973   48      84.2105 %
1    351 47.27     0.327655    3.73805   48      84.2105 %
1    352 47.448    0.259325    2.95851   48      84.2105 %
1    353 47.594    0.230565    2.6304    48      84.2105 %
1    354 47.422    0.276127    3.1502    48      84.2105 %
1    355 47.44     0.298559    3.40611   48      84.2105 %
1    356 47.352    0.294688    3.36195   48      84.2105 %
1    357 47.326    0.323239    3.68767   48      84.2105 %
1    358 47.312    0.296232    3.37957   48      84.2105 %
1    359 47.3      0.336063    3.83398   48      84.2105 %
1    360 47.356    0.314958    3.5932    48      84.2105 %
1    361 47.372    0.287086    3.27522   48      84.2105 %
1    362 47.492    0.271885    3.1018    48      84.2105 %
1    363 47.456    0.294844    3.36373   48      84.2105 %
1    364 47.046    0.392744    4.48063   48      84.2105 %
1    365 47.644    0.196378    2.24038   48      84.2105 %
1    366 47.526    0.254803    2.90693   48      84.2105 %
1    367 47.69     0.213951    2.44086   48      84.2105 %
1    368 47.376    0.275551    3.14363   48      84.2105 %
1    369 47.438    0.297626    3.39547   48      84.2105 %
1    370 47.538    0.236554    2.69873   48      84.2105 %
1    371 47.386    0.28611     3.26409   48      84.2105 %
1    372 47.296    0.336594    3.84004   48      84.2105 %
1    373 47.64     0.227154    2.59149   48      84.2105 %
1    374 47.146    0.365122    4.1655    48      84.2105 %
1    375 47.42     0.303688    3.46462   48      84.2105 %
1    376 47.552    0.263974    3.01155   48      84.2105 %
1    377 47.576    0.238945    2.726     48      84.2105 %
1    378 47.556    0.245282    2.79831   48      84.2105 %
1    379 47.708    0.213029    2.43034   48      84.2105 %
1    380 47.17     0.370277    4.22431   48      84.2105 %
1    381 47.03     0.411106    4.69011   48      84.2105 %
1    382 47.426    0.306475    3.49642   48      84.2105 %
1    383 47.39     0.287143    3.27588   48      84.2105 %
1    384 47.2      0.360104    4.10825   48      84.2105 %
1    385 47.344    0.314327    3.586     48      84.2105 %
1    386 47.718    0.156723    1.78798   48      84.2105 %
1    387 47.6      0.226299    2.58173   48      84.2105 %
1    388 47.394    0.284082    3.24095   48      84.2105 %
1    389 47.398    0.295151    3.36724   48      84.2105 %
1    390 47.424    0.311405    3.55267   48      84.2105 %
1    391 47.204    0.37823     4.31505   48      84.2105 %
1    392 47.334    0.305946    3.49039   48      84.2105 %
1    393 47.42     0.310457    3.54185   48      84.2105 %
1    394 47.42     0.285283    3.25466   48      84.2105 %
1    395 47.514    0.265523    3.02922   48      84.2105 %
1    396 47.118    0.349913    3.99199   48      84.2105 %
1    397 47.68     0.195678    2.23239   48      84.2105 %
1    398 47.414    0.300669    3.43018   48      84.2105 %
1    399 47.258    0.33736     3.84877   48      84.2105 %
1    400 47.572    0.203984    2.32715   48      84.2105 %
